NumberOfInternalXNodes: 20 NumberOfInternalYNodes: 20 StepX 0.047619 StepY 0.047619
1.42933 2.37106 3.38638 4.60803 6.00326 7.48672 8.93539 10.2042 11.1492 11.6541 11.6541 11.1492 10.2042 8.93539 7.48672 6.00326 4.60803 3.38638 2.37106 1.42933 2.37106 3.93914 5.63794 7.68204 10.0167 12.4991 14.9234 17.0468 18.6284 19.4735 19.4735 18.6284 17.0468 14.9234 12.4991 10.0167 7.68204 5.63794 3.93914 2.37106 3.38638 5.63794 8.0784 11.0149 14.3687 17.9348 21.4174 24.4677 26.7396 27.9536 27.9536 26.7396 24.4677 21.4174 17.9348 14.3687 11.0149 8.0784 5.63794 3.38638 4.60803 7.68204 11.0149 15.0253 19.6058 24.4761 29.2324 33.3983 36.501 38.1591 38.1591 36.501 33.3983 29.2324 24.4761 19.6058 15.0253 11.0149 7.68204 4.60803 6.00326 10.0167 14.3687 19.6058 25.5872 31.9471 38.1582 43.5983 47.65 49.8152 49.8152 47.65 43.5983 38.1582 31.9471 25.5872 19.6058 14.3687 10.0167 6.00326 7.48672 12.4991 17.9348 24.4761 31.9471 39.891 47.6489 54.4438 59.5046 62.209 62.209 59.5046 54.4438 47.6489 39.891 31.9471 24.4761 17.9348 12.4991 7.48672 8.93539 14.9234 21.4174 29.2324 38.1582 47.6489 56.9174 65.0354 71.0816 74.3126 74.3126 71.0816 65.0354 56.9174 47.6489 38.1582 29.2324 21.4174 14.9234 8.93539 10.2042 17.0468 24.4677 33.3983 43.5983 54.4438 65.0354 74.3122 81.2215 84.9137 84.9137 81.2215 74.3122 65.0354 54.4438 43.5983 33.3983 24.4677 17.0468 10.2042 11.1492 18.6284 26.7396 36.501 47.65 59.5046 71.0816 81.2215 88.7737 92.8094 92.8094 88.7737 81.2215 71.0816 59.5046 47.65 36.501 26.7396 18.6284 11.1492 11.6541 19.4735 27.9536 38.1591 49.8152 62.209 74.3126 84.9137 92.8094 97.0287 97.0287 92.8094 84.9137 74.3126 62.209 49.8152 38.1591 27.9536 19.4735 11.6541 11.6541 19.4735 27.9536 38.1591 49.8152 62.209 74.3126 84.9137 92.8094 97.0287 97.0287 92.8094 84.9137 74.3126 62.209 49.8152 38.1591 27.9536 19.4735 11.6541 11.1492 18.6284 26.7396 36.501 47.65 59.5046 71.0816 81.2215 88.7737 92.8094 92.8094 88.7737 81.2215 71.0816 59.5046 47.65 36.501 26.7396 18.6284 11.1492 10.2042 17.0468 24.4677 33.3983 43.5983 54.4438 65.0354 74.3122 81.2215 84.9137 84.9137 81.2215 74.3122 65.0354 54.4438 43.5983 33.3983 24.4677 17.0468 10.2042 8.93539 14.9234 21.4174 29.2324 38.1582 47.6489 56.9174 65.0354 71.0816 74.3126 74.3126 71.0816 65.0354 56.9174 47.6489 38.1582 29.2324 21.4174 14.9234 8.93539 7.48672 12.4991 17.9348 24.4761 31.9471 39.891 47.6489 54.4438 59.5046 62.209 62.209 59.5046 54.4438 47.6489 39.891 31.9471 24.4761 17.9348 12.4991 7.48672 6.00326 10.0167 14.3687 19.6058 25.5872 31.9471 38.1582 43.5983 47.65 49.8152 49.8152 47.65 43.5983 38.1582 31.9471 25.5872 19.6058 14.3687 10.0167 6.00326 4.60803 7.68204 11.0149 15.0253 19.6058 24.4761 29.2324 33.3983 36.501 38.1591 38.1591 36.501 33.3983 29.2324 24.4761 19.6058 15.0253 11.0149 7.68203 4.60803 3.38638 5.63794 8.07839 11.0149 14.3687 17.9348 21.4174 24.4677 26.7396 27.9536 27.9536 26.7396 24.4677 21.4174 17.9348 14.3687 11.0149 8.0784 5.63794 3.38638 2.37106 3.93914 5.63794 7.68203 10.0167 12.4991 14.9234 17.0468 18.6284 19.4735 19.4735 18.6284 17.0468 14.9234 12.4991 10.0167 7.68203 5.63794 3.93914 2.37106 1.42933 2.37106 3.38638 4.60803 6.00326 7.48672 8.93539 10.2042 11.1492 11.6541 11.6541 11.1492 10.2042 8.93539 7.48672 6.00326 4.60803 3.38638 2.37106 1.42933
1.30129 2.28178 3.26852 4.41455 5.71124 7.08306 8.41766 9.58319 10.4495 10.9118 10.9118 10.4495 9.58319 8.41766 7.08306 5.71124 4.41455 3.26851 2.28178 1.30129 2.28178 4.0221 5.78183 7.82753 10.1424 12.5915 14.9743 17.0554 18.6021 19.4277 19.4277 18.6021 17.0554 14.9743 12.5915 10.1424 7.82753 5.78183 4.0221 2.28178 3.26851 5.78183 8.32877 11.2903 14.6415 18.1871 21.6367 24.6494 26.8887 28.0838 28.0838 26.8887 24.6494 21.6367 18.1871 14.6415 11.2903 8.32877 5.78183 3.26851 4.41455 7.82753 11.2903 15.3174 19.8744 24.6957 29.3865 33.4831 36.5281 38.1532 38.1532 36.5281 33.4831 29.3865 24.6957 19.8744 15.3174 11.2903 7.82753 4.41455 5.71124 10.1424 14.6415 19.8744 25.796 32.061 38.1564 43.4798 47.4365 49.5483 49.5483 47.4365 43.4798 38.1564 32.061 25.796 19.8744 14.6415 10.1424 5.71124 7.08306 12.5915 18.1871 24.6957 32.061 39.8535 47.435 54.0563 58.9776 61.6042 61.6042 58.9776 54.0563 47.435 39.8535 32.061 24.6957 18.1871 12.5915 7.08306 8.41766 14.9743 21.6367 29.3865 38.1564 47.435 56.4623 64.3463 70.2062 73.3337 73.3337 70.2062 64.3463 56.4623 47.435 38.1564 29.3865 21.6367 14.9743 8.41766 9.58319 17.0554 24.6494 33.4832 43.4798 54.0563 64.3463 73.3331 80.0126 83.5776 83.5776 80.0126 73.3331 64.3463 54.0562 43.4798 33.4831 24.6494 17.0554 9.58319 10.4495 18.6021 26.8887 36.5281 47.4365 58.9776 70.2062 80.0126 87.3014 91.1916 91.1916 87.3014 80.0126 70.2062 58.9776 47.4365 36.5281 26.8887 18.6021 10.4495 10.9118 19.4277 28.0838 38.1532 49.5483 61.6042 73.3337 83.5776 91.1916 95.2553 95.2553 91.1916 83.5776 73.3337 61.6042 49.5483 38.1532 28.0838 19.4277 10.9118 10.9118 19.4277 28.0838 38.1532 49.5483 61.6042 73.3337 83.5776 91.1916 95.2553 95.2553 91.1916 83.5776 73.3337 61.6042 49.5483 38.1532 28.0838 19.4277 10.9118 10.4495 18.6021 26.8887 36.5281 47.4365 58.9776 70.2062 80.0126 87.3014 91.1916 91.1916 87.3014 80.0126 70.2062 58.9776 47.4365 36.5281 26.8887 18.6021 10.4495 9.58319 17.0554 24.6494 33.4831 43.4798 54.0563 64.3463 73.3331 80.0126 83.5776 83.5776 80.0126 73.3331 64.3463 54.0562 43.4798 33.4831 24.6494 17.0554 9.58319 8.41766 14.9743 21.6367 29.3865 38.1564 47.435 56.4623 64.3463 70.2062 73.3337 73.3337 70.2062 64.3463 56.4623 47.435 38.1564 29.3865 21.6367 14.9743 8.41766 7.08306 12.5915 18.1871 24.6957 32.061 39.8535 47.435 54.0562 58.9776 61.6042 61.6042 58.9776 54.0562 47.435 39.8535 32.061 24.6957 18.1871 12.5915 7.08306 5.71124 10.1424 14.6415 19.8744 25.796 32.061 38.1564 43.4798 47.4365 49.5483 49.5483 47.4365 43.4798 38.1564 32.061 25.796 19.8744 14.6415 10.1424 5.71124 4.41455 7.82753 11.2903 15.3174 19.8744 24.6957 29.3865 33.4831 36.5281 38.1532 38.1532 36.5281 33.4831 29.3865 24.6957 19.8744 15.3174 11.2903 7.82753 4.41455 3.26851 5.78183 8.32877 11.2903 14.6415 18.1871 21.6367 24.6494 26.8887 28.0838 28.0838 26.8887 24.6494 21.6367 18.1871 14.6415 11.2903 8.32877 5.78183 3.26851 2.28178 4.0221 5.78183 7.82753 10.1424 12.5915 14.9743 17.0554 18.6021 19.4277 19.4277 18.6021 17.0554 14.9743 12.5915 10.1424 7.82753 5.78183 4.0221 2.28178 1.30129 2.28178 3.26851 4.41455 5.71124 7.08306 8.41766 9.58319 10.4495 10.9118 10.9118 10.4495 9.58319 8.41766 7.08306 5.71124 4.41455 3.26851 2.28178 1.30129
1.22971 2.22829 3.20821 4.30984 5.54116 6.83659 8.09217 9.18562 9.99671 10.4291 10.4291 9.99671 9.18562 8.09217 6.83659 5.54116 4.30984 3.20821 2.22829 1.22971 2.22829 4.07093 5.88919 7.93606 10.2244 12.6321 14.9658 16.9982 18.5059 19.3096 19.3096 18.5059 16.9982 14.9658 12.6321 10.2244 7.93606 5.88919 4.07093 2.22829 3.20821 5.88919 8.54388 11.5344 14.878 18.3959 21.8058 24.7755 26.9784 28.1527 28.1527 26.9784 24.7755 21.8058 18.3959 14.878 11.5344 8.54388 5.88919 3.20821 4.30984 7.93606 11.5344 15.5894 20.1235 24.894 29.518 33.545 36.5322 38.1247 38.1247 36.5322 33.545 29.518 24.894 20.1235 15.5894 11.5344 7.93606 4.30984 5.54116 10.2244 14.878 20.1235 25.9889 32.1601 38.1419 43.3514 47.2157 49.2758 49.2758 47.2157 43.3514 38.1419 32.1601 25.9889 20.1235 14.878 10.2244 5.54116 6.83659 12.6321 18.3959 24.894 32.1601 39.8053 47.2156 53.6693 58.4565 61.0086 61.0086 58.4565 53.6693 47.2156 39.8053 32.1601 24.894 18.3959 12.6321 6.83659 8.09217 14.9658 21.8058 29.518 38.1419 47.2156 56.0106 63.6702 69.352 72.3809 72.3809 69.352 63.6702 56.0106 47.2156 38.1419 29.518 21.8058 14.9658 8.09217 9.18562 16.9982 24.7755 33.545 43.3514 53.6693 63.6702 72.38 78.8409 82.2851 82.2851 78.8409 72.38 63.6702 53.6693 43.3514 33.545 24.7755 16.9982 9.18562 9.99671 18.5059 26.9784 36.5322 47.2157 58.4565 69.352 78.8409 85.8797 89.632 89.632 85.8797 78.8409 69.352 58.4565 47.2157 36.5322 26.9784 18.5059 9.99671 10.4291 19.3096 28.1527 38.1247 49.2758 61.0086 72.3809 82.2851 89.632 93.5485 93.5485 89.632 82.2851 72.3809 61.0086 49.2758 38.1247 28.1527 19.3096 10.4291 10.4291 19.3096 28.1527 38.1247 49.2758 61.0085 72.3809 82.2851 89.632 93.5485 93.5485 89.632 82.2851 72.3809 61.0086 49.2758 38.1247 28.1527 19.3096 10.4291 9.99671 18.5059 26.9784 36.5322 47.2157 58.4565 69.352 78.8409 85.8797 89.632 89.632 85.8797 78.8409 69.352 58.4565 47.2157 36.5322 26.9784 18.5059 9.99671 9.18562 16.9982 24.7755 33.545 43.3514 53.6693 63.6702 72.38 78.8409 82.2851 82.2851 78.8409 72.38 63.6702 53.6692 43.3514 33.545 24.7755 16.9982 9.18562 8.09217 14.9658 21.8058 29.518 38.1419 47.2156 56.0106 63.6702 69.352 72.3809 72.3809 69.352 63.6702 56.0106 47.2156 38.1419 29.518 21.8058 14.9658 8.09217 6.83659 12.6321 18.3959 24.894 32.1601 39.8053 47.2156 53.6693 58.4565 61.0086 61.0086 58.4565 53.6692 47.2156 39.8053 32.1601 24.894 18.3959 12.6321 6.83659 5.54116 10.2244 14.878 20.1235 25.9889 32.1601 38.1419 43.3514 47.2157 49.2758 49.2758 47.2157 43.3514 38.1419 32.1601 25.9889 20.1235 14.878 10.2244 5.54116 4.30984 7.93606 11.5344 15.5894 20.1235 24.894 29.518 33.545 36.5322 38.1247 38.1247 36.5322 33.545 29.518 24.894 20.1235 15.5894 11.5344 7.93606 4.30984 3.20821 5.88919 8.54388 11.5344 14.878 18.3959 21.8058 24.7755 26.9784 28.1527 28.1527 26.9784 24.7755 21.8058 18.3959 14.878 11.5344 8.54388 5.88919 3.20821 2.22829 4.07093 5.88919 7.93606 10.2244 12.6321 14.9658 16.9982 18.5059 19.3096 19.3096 18.5059 16.9982 14.9658 12.6321 10.2244 7.93606 5.88919 4.07093 2.22829 1.22971 2.22829 3.20821 4.30984 5.54116 6.83659 8.09217 9.18562 9.99671 10.4291 10.4291 9.99671 9.18562 8.09217 6.83659 5.54116 4.30984 3.20821 2.22829 1.22971
1.1892 2.19875 3.18129 4.25732 5.44383 6.68428 7.88196 8.92213 9.69223 10.1023 10.1023 9.69223 8.92213 7.88196 6.68428 5.44382 4.25732 3.18129 2.19875 1.1892 2.19875 4.10696 5.97646 8.02735 10.2896 12.6549 14.9388 16.9223 18.3909 19.1728 19.1728 18.3909 16.9223 14.9388 12.6549 10.2896 8.02735 5.97646 4.10696 2.19875 3.18129 5.97646 8.72723 11.7483 15.0815 18.5665 21.9316 24.8542 27.018 28.1702 28.1702 27.018 24.8542 21.9316 18.5665 15.0815 11.7483 8.72723 5.97646 3.18129 4.25732 8.02735 11.7483 15.8379 20.3503 25.0685 29.6243 33.581 36.5105 38.0704 38.0704 36.5105 33.581 29.6243 25.0685 20.3503 15.8379 11.7483 8.02735 4.25732 5.44382 10.2896 15.0815 20.3503 26.1645 32.2439 38.114 43.2122 46.9868 48.9966 48.9966 46.9868 43.2122 38.114 32.2439 26.1645 20.3503 15.0815 10.2896 5.44382 6.68428 12.6549 18.5665 25.0685 32.2439 39.7467 46.9911 53.2829 57.9412 60.4216 60.4216 57.9412 53.2829 46.9911 39.7466 32.2439 25.0685 18.5665 12.6549 6.68428 7.88197 14.9388 21.9316 29.6243 38.114 46.9911 55.5625 63.0069 68.5184 71.4532 71.4532 68.5184 63.0069 55.5625 46.9911 38.114 29.6243 21.9316 14.9388 7.88196 8.92213 16.9223 24.8542 33.581 43.2122 53.2829 63.0069 71.4522 77.7049 81.0342 81.0342 77.7049 71.4522 63.0069 53.2829 43.2122 33.581 24.8542 16.9223 8.92213 9.69223 18.3909 27.018 36.5105 46.9868 57.9412 68.5184 77.7049 84.5062 88.1277 88.1277 84.5062 77.7049 68.5184 57.9412 46.9868 36.5105 27.018 18.3909 9.69222 10.1023 19.1728 28.1702 38.0704 48.9966 60.4216 71.4532 81.0342 88.1277 91.9048 91.9048 88.1277 81.0342 71.4532 60.4216 48.9966 38.0704 28.1702 19.1728 10.1023 10.1023 19.1728 28.1702 38.0704 48.9966 60.4216 71.4532 81.0342 88.1277 91.9048 91.9048 88.1277 81.0342 71.4532 60.4216 48.9966 38.0704 28.1702 19.1728 10.1023 9.69223 18.3909 27.018 36.5105 46.9868 57.9412 68.5184 77.7049 84.5062 88.1277 88.1277 84.5062 77.7049 68.5184 57.9412 46.9868 36.5105 27.018 18.3909 9.69222 8.92213 16.9223 24.8542 33.581 43.2122 53.2829 63.0069 71.4522 77.7049 81.0342 81.0342 77.7049 71.4522 63.0069 53.2829 43.2122 33.581 24.8542 16.9223 8.92213 7.88197 14.9388 21.9316 29.6243 38.114 46.9911 55.5625 63.0069 68.5184 71.4532 71.4532 68.5184 63.0069 55.5625 46.9911 38.114 29.6243 21.9316 14.9388 7.88196 6.68428 12.6549 18.5665 25.0685 32.2439 39.7466 46.9911 53.2829 57.9412 60.4216 60.4216 57.9412 53.2829 46.9911 39.7466 32.2439 25.0685 18.5665 12.6549 6.68428 5.44382 10.2896 15.0815 20.3503 26.1645 32.2439 38.114 43.2122 46.9868 48.9966 48.9966 46.9868 43.2122 38.114 32.2439 26.1645 20.3503 15.0815 10.2896 5.44382 4.25732 8.02735 11.7483 15.8379 20.3503 25.0685 29.6243 33.581 36.5105 38.0704 38.0704 36.5105 33.581 29.6243 25.0685 20.3503 15.8379 11.7483 8.02735 4.25732 3.18129 5.97646 8.72723 11.7483 15.0815 18.5665 21.9316 24.8542 27.018 28.1702 28.1702 27.018 24.8542 21.9316 18.5665 15.0815 11.7483 8.72723 5.97646 3.18128 2.19875 4.10696 5.97646 8.02735 10.2896 12.6549 14.9388 16.9223 18.3909 19.1728 19.1728 18.3909 16.9223 14.9388 12.6549 10.2896 8.02735 5.97646 4.10696 2.19875 1.1892 2.19875 3.18129 4.25732 5.44382 6.68428 7.88196 8.92213 9.69222 10.1023 10.1023 9.69222 8.92213 7.88196 6.68428 5.44382 4.25732 3.18128 2.19875 1.1892
1.16686 2.18511 3.17436 4.23613 5.39104 6.59015 7.74326 8.74198 9.48001 9.87254 9.87254 9.48001 8.74198 7.74325 6.59015 5.39104 4.23613 3.17436 2.18511 1.16686 2.18511 4.1393 6.05234 8.10987 10.3489 12.6739 14.9098 16.8464 18.2775 19.0387 19.0387 18.2775 16.8464 14.9098 12.6739 10.3489 8.10987 6.05234 4.1393 2.18511 3.17436 6.05234 8.88479 11.9359 15.2574 18.7065 22.0235 24.8965 27.0196 28.1488 28.1488 27.0196 24.8965 22.0235 18.7065 15.2574 11.9359 8.88479 6.05234 3.17436 4.23613 8.10987 11.9359 16.0616 20.5538 25.2189 29.7053 33.5912 36.4628 37.9901 37.9901 36.4628 33.5912 29.7053 25.2189 20.5538 16.0616 11.9359 8.10987 4.23613 5.39104 10.3489 15.2574 20.5538 26.3217 32.3116 38.0722 43.0616 46.7488 48.7099 48.7099 46.7488 43.0616 38.0722 32.3116 26.3217 20.5538 15.2574 10.3489 5.39104 6.59015 12.6739 18.7065 25.2189 32.3116 39.6776 46.7615 52.8971 57.4313 59.8429 59.8429 57.4313 52.8971 46.7615 39.6776 32.3116 25.2189 18.7065 12.6739 6.59015 7.74326 14.9098 22.0235 29.7053 38.0722 46.7615 55.1181 62.356 67.7047 70.5496 70.5496 67.7047 62.356 55.1181 46.7615 38.0722 29.7053 22.0235 14.9098 7.74326 8.74198 16.8464 24.8965 33.5912 43.0616 52.8971 62.356 70.5487 76.6029 79.8231 79.823 76.6029 70.5487 62.356 52.8971 43.0616 33.5912 24.8965 16.8464 8.74198 9.48001 18.2775 27.0196 36.4628 46.7488 57.4312 67.7047 76.6029 83.1785 86.676 86.6759 83.1785 76.6029 67.7047 57.4313 46.7488 36.4628 27.0196 18.2775 9.48001 9.87254 19.0387 28.1488 37.9901 48.7099 59.8429 70.5496 79.8231 86.676 90.3209 90.3209 86.6759 79.8231 70.5496 59.8429 48.7099 37.9901 28.1488 19.0387 9.87254 9.87254 19.0387 28.1488 37.9901 48.7099 59.8429 70.5496 79.8231 86.676 90.3209 90.3209 86.6759 79.8231 70.5496 59.8429 48.7099 37.9901 28.1488 19.0387 9.87254 9.48001 18.2775 27.0196 36.4628 46.7488 57.4312 67.7047 76.6029 83.1785 86.676 86.676 83.1785 76.6029 67.7047 57.4312 46.7488 36.4628 27.0196 18.2775 9.48 8.74198 16.8464 24.8965 33.5912 43.0616 52.8971 62.356 70.5487 76.6029 79.823 79.823 76.6029 70.5487 62.356 52.8971 43.0616 33.5912 24.8965 16.8464 8.74198 7.74326 14.9098 22.0235 29.7053 38.0722 46.7615 55.1181 62.356 67.7047 70.5496 70.5496 67.7047 62.356 55.1181 46.7615 38.0722 29.7053 22.0235 14.9098 7.74325 6.59015 12.6739 18.7065 25.2189 32.3116 39.6776 46.7615 52.8971 57.4313 59.8429 59.8429 57.4312 52.8971 46.7615 39.6776 32.3116 25.2189 18.7065 12.6739 6.59015 5.39104 10.3489 15.2574 20.5538 26.3217 32.3116 38.0722 43.0616 46.7488 48.7099 48.7099 46.7488 43.0616 38.0722 32.3116 26.3217 20.5538 15.2574 10.3489 5.39104 4.23613 8.10987 11.9359 16.0616 20.5538 25.2189 29.7053 33.5912 36.4628 37.9901 37.9901 36.4628 33.5912 29.7053 25.2189 20.5538 16.0616 11.9359 8.10987 4.23612 3.17436 6.05234 8.88479 11.9359 15.2574 18.7065 22.0235 24.8965 27.0196 28.1488 28.1488 27.0196 24.8965 22.0235 18.7065 15.2574 11.9359 8.88479 6.05234 3.17436 2.18511 4.1393 6.05234 8.10987 10.3489 12.6739 14.9098 16.8464 18.2775 19.0387 19.0387 18.2775 16.8464 14.9098 12.6739 10.3489 8.10987 6.05234 4.1393 2.18511 1.16686 2.18511 3.17436 4.23613 5.39104 6.59015 7.74326 8.74198 9.48001 9.87254 9.87254 9.48 8.74198 7.74325 6.59015 5.39104 4.23613 3.17436 2.18511 1.16686
1.15562 2.18205 3.17968 4.23404 5.36611 6.53291 7.65021 8.61525 9.32708 9.70527 9.70527 9.32708 8.61525 7.65021 6.53291 5.36611 4.23404 3.17968 2.18205 1.15562 2.18205 4.17146 6.12138 8.18711 10.4064 12.6941 14.8848 16.7771 18.1728 18.9144 18.9144 18.1728 16.7771 14.8848 12.6941 10.4064 8.18711 6.12138 4.17146 2.18205 3.17968 6.12138 9.02208 12.101 15.4105 18.8223 22.0896 24.9117 26.9934 28.0994 28.0994 26.9934 24.9117 22.0896 18.8223 15.4105 12.101 9.02208 6.12138 3.17968 4.23404 8.18711 12.101 16.2611 20.7341 25.3459 29.7623 33.577 36.3908 37.8858 37.8858 36.3908 33.577 29.7623 25.3458 20.7341 16.2611 12.101 8.18711 4.23404 5.36611 10.4064 15.4105 20.7341 26.4596 32.3629 38.0162 42.8993 46.5012 48.4149 48.4149 46.5012 42.8993 38.0162 32.3629 26.4596 20.7341 15.4105 10.4064 5.36611 6.53291 12.6941 18.8223 25.3459 32.3629 39.598 46.5269 52.5117 56.9262 59.2717 59.2717 56.9262 52.5117 46.5269 39.598 32.3629 25.3458 18.8223 12.6941 6.53291 7.65021 14.8848 22.0896 29.7623 38.0162 46.5269 54.6773 61.7173 66.9101 69.669 69.669 66.9101 61.7173 54.6773 46.5269 38.0162 29.7623 22.0896 14.8848 7.65021 8.61525 16.7771 24.9117 33.577 42.8993 52.5117 61.7173 69.6686 75.5337 78.6498 78.6498 75.5337 69.6686 61.7173 52.5117 42.8993 33.577 24.9117 16.7771 8.61525 9.32708 18.1728 26.9934 36.3908 46.5012 56.9262 66.9101 75.5337 81.8945 85.2741 85.2741 81.8945 75.5337 66.9101 56.9262 46.5012 36.3908 26.9934 18.1728 9.32708 9.70527 18.9144 28.0994 37.8858 48.4149 59.2717 69.669 78.6498 85.2741 88.7937 88.7937 85.2741 78.6498 69.669 59.2717 48.4149 37.8858 28.0994 18.9144 9.70527 9.70527 18.9144 28.0994 37.8858 48.4149 59.2717 69.669 78.6498 85.2741 88.7937 88.7937 85.2741 78.6498 69.669 59.2717 48.4149 37.8858 28.0994 18.9144 9.70527 9.32708 18.1728 26.9934 36.3908 46.5012 56.9262 66.9101 75.5337 81.8945 85.2741 85.2741 81.8945 75.5337 66.9101 56.9262 46.5012 36.3908 26.9934 18.1728 9.32707 8.61525 16.7771 24.9117 33.577 42.8993 52.5117 61.7173 69.6686 75.5337 78.6498 78.6498 75.5337 69.6686 61.7173 52.5117 42.8993 33.577 24.9117 16.7771 8.61525 7.65021 14.8848 22.0896 29.7623 38.0162 46.5269 54.6773 61.7173 66.9101 69.669 69.669 66.9101 61.7173 54.6773 46.5269 38.0162 29.7623 22.0896 14.8848 7.65021 6.53291 12.6941 18.8223 25.3458 32.3629 39.598 46.5269 52.5117 56.9262 59.2717 59.2717 56.9262 52.5117 46.5269 39.598 32.3629 25.3458 18.8223 12.6941 6.53291 5.36611 10.4064 15.4105 20.7341 26.4596 32.3629 38.0162 42.8993 46.5012 48.4149 48.4149 46.5012 42.8993 38.0162 32.3629 26.4596 20.7341 15.4105 10.4064 5.36611 4.23404 8.18711 12.101 16.2611 20.7341 25.3458 29.7623 33.577 36.3908 37.8858 37.8858 36.3908 33.577 29.7623 25.3458 20.7341 16.2611 12.101 8.18711 4.23404 3.17968 6.12138 9.02208 12.101 15.4105 18.8223 22.0896 24.9117 26.9934 28.0994 28.0994 26.9934 24.9117 22.0896 18.8223 15.4105 12.101 9.02208 6.12138 3.17968 2.18205 4.17146 6.12138 8.18711 10.4064 12.6941 14.8848 16.7771 18.1728 18.9144 18.9144 18.1728 16.7771 14.8848 12.6941 10.4064 8.18711 6.12138 4.17146 2.18205 1.15562 2.18205 3.17968 4.23404 5.36611 6.53291 7.65021 8.61525 9.32708 9.70527 9.70527 9.32708 8.61525 7.65021 6.53291 5.36611 4.23404 3.17968 2.18205 1.15562
1.1514 2.18605 3.19261 4.24366 5.35879 6.49951 7.58701 8.52368 9.21331 9.57932 9.57932 9.21331 8.52368 7.58701 6.49951 5.35878 4.24366 3.19261 2.18605 1.1514 2.18605 4.20452 6.18586 8.26041 10.463 12.7165 14.865 16.7156 18.0781 18.8012 18.8012 18.0781 16.7156 14.865 12.7165 10.463 8.26041 6.18586 4.20451 2.18605 3.19261 6.18586 9.14342 12.2472 15.5446 18.9188 22.1359 24.9069 26.947 28.0298 28.0298 26.947 24.9069 22.1359 18.9188 15.5446 12.2472 9.14342 6.18586 3.19261 4.24366 8.26041 12.2472 16.4379 20.8922 25.4509 29.7973 33.541 36.2973 37.7602 37.7602 36.2973 33.541 29.7973 25.4509 20.8922 16.4379 12.2472 8.26041 4.24366 5.35879 10.463 15.5446 20.8922 26.5781 32.3975 37.9461 42.7253 46.244 48.1116 48.1116 46.244 42.7253 37.9461 32.3975 26.5781 20.8922 15.5446 10.463 5.35879 6.49951 12.7165 18.9188 25.4509 32.3975 39.5077 46.2871 52.1264 56.4257 58.7075 58.7075 56.4257 52.1264 46.2871 39.5077 32.3975 25.4509 18.9188 12.7165 6.49951 7.58701 14.865 22.1359 29.7973 37.9461 46.2871 54.24 61.0902 66.1337 68.8105 68.8105 66.1337 61.0902 54.24 46.2871 37.9461 29.7973 22.1359 14.865 7.58701 8.52368 16.7156 24.9069 33.541 42.7253 52.1264 61.0902 68.811 74.4956 77.5127 77.5127 74.4956 68.811 61.0902 52.1264 42.7253 33.541 24.9069 16.7156 8.52368 9.21331 18.0781 26.947 36.2973 46.244 56.4257 66.1337 74.4956 80.6522 83.9198 83.9198 80.6522 74.4956 66.1337 56.4257 46.244 36.2973 26.947 18.0781 9.21331 9.57932 18.8012 28.0298 37.7602 48.1116 58.7075 68.8105 77.5127 83.9198 87.3203 87.3203 83.9198 77.5127 68.8105 58.7075 48.1116 37.7602 28.0298 18.8012 9.57932 9.57932 18.8012 28.0298 37.7602 48.1116 58.7075 68.8105 77.5127 83.9198 87.3203 87.3203 83.9198 77.5127 68.8105 58.7075 48.1116 37.7602 28.0298 18.8012 9.57932 9.21331 18.0781 26.947 36.2973 46.244 56.4257 66.1337 74.4956 80.6522 83.9198 83.9198 80.6522 74.4956 66.1337 56.4257 46.244 36.2973 26.947 18.0781 9.21331 8.52368 16.7156 24.9069 33.541 42.7253 52.1264 61.0902 68.811 74.4956 77.5127 77.5127 74.4956 68.811 61.0902 52.1264 42.7253 33.541 24.9069 16.7156 8.52368 7.58701 14.865 22.1359 29.7973 37.9461 46.2871 54.24 61.0902 66.1337 68.8105 68.8105 66.1337 61.0902 54.24 46.287 37.9461 29.7973 22.1359 14.865 7.58701 6.49951 12.7165 18.9188 25.4509 32.3975 39.5077 46.2871 52.1264 56.4257 58.7075 58.7075 56.4257 52.1264 46.2871 39.5077 32.3975 25.4509 18.9188 12.7165 6.49951 5.35879 10.463 15.5446 20.8922 26.5781 32.3975 37.9461 42.7253 46.244 48.1116 48.1116 46.244 42.7253 37.9461 32.3975 26.5781 20.8922 15.5446 10.463 5.35879 4.24366 8.26041 12.2472 16.4379 20.8922 25.4509 29.7973 33.541 36.2973 37.7602 37.7602 36.2973 33.541 29.7973 25.4509 20.8922 16.4379 12.2472 8.26041 4.24366 3.19261 6.18586 9.14342 12.2472 15.5446 18.9188 22.1359 24.9069 26.947 28.0298 28.0298 26.947 24.9069 22.1359 18.9188 15.5446 12.2472 9.14342 6.18586 3.19261 2.18605 4.20451 6.18586 8.26041 10.463 12.7165 14.865 16.7156 18.0781 18.8012 18.8012 18.0781 16.7156 14.865 12.7165 10.463 8.26041 6.18586 4.20451 2.18605 1.1514 2.18605 3.19261 4.24366 5.35879 6.49951 7.58701 8.52368 9.21331 9.57932 9.57932 9.21331 8.52368 7.58701 6.49951 5.35878 4.24366 3.19261 2.18605 1.1514
1.1517 2.19477 3.2102 4.2604 5.3626 6.48169 7.54367 8.45572 9.12599 9.48136 9.48136 9.12599 8.45572 7.54367 6.48169 5.3626 4.2604 3.2102 2.19476 1.1517 2.19477 4.23849 6.24688 8.33017 10.5185 12.7408 14.8498 16.6611 17.9922 18.698 18.698 17.9922 16.6611 14.8498 12.7408 10.5185 8.33017 6.24688 4.23848 2.19476 3.2102 6.24688 9.25196 12.3772 15.6625 18.9996 22.1667 24.8868 26.8858 27.9457 27.9457 26.8858 24.8868 22.1667 18.9996 15.6625 12.3772 9.25196 6.24688 3.2102 4.2604 8.33017 12.3772 16.594 21.0295 25.5357 29.8125 33.4857 36.1852 37.6164 37.6164 36.1852 33.4857 29.8125 25.5357 21.0295 16.594 12.3772 8.33017 4.2604 5.3626 10.5185 15.6625 21.0295 26.6773 32.4157 37.8622 42.54 45.9778 47.8004 47.8004 45.9778 42.54 37.8622 32.4157 26.6773 21.0295 15.6625 10.5185 5.3626 6.48169 12.7408 18.9996 25.5357 32.4157 39.4065 46.042 51.7409 55.9292 58.1497 58.1497 55.9292 51.7409 46.042 39.4065 32.4157 25.5357 18.9996 12.7408 6.48169 7.54367 14.8498 22.1667 29.8125 37.8622 46.042 53.806 60.4742 65.3748 67.9731 67.9731 65.3748 60.4742 53.806 46.042 37.8622 29.8125 22.1667 14.8498 7.54367 8.45572 16.6611 24.8868 33.4857 42.54 51.7409 60.4742 67.975 73.4875 76.4101 76.4101 73.4874 67.975 60.4742 51.7409 42.54 33.4857 24.8868 16.6611 8.45572 9.12599 17.9922 26.8858 36.1852 45.9778 55.9292 65.3748 73.4875 79.4495 82.6106 82.6105 79.4495 73.4875 65.3748 55.9292 45.9778 36.1852 26.8858 17.9922 9.12599 9.48136 18.698 27.9457 37.6164 47.8004 58.1497 67.9731 76.4101 82.6105 85.8979 85.8979 82.6105 76.4101 67.9731 58.1497 47.8004 37.6164 27.9457 18.698 9.48136 9.48136 18.698 27.9457 37.6164 47.8004 58.1497 67.9731 76.4101 82.6105 85.8979 85.8979 82.6105 76.4101 67.9731 58.1497 47.8004 37.6164 27.9457 18.698 9.48136 9.12599 17.9922 26.8858 36.1852 45.9778 55.9292 65.3748 73.4874 79.4495 82.6106 82.6106 79.4495 73.4875 65.3748 55.9292 45.9778 36.1852 26.8858 17.9922 9.12599 8.45572 16.6611 24.8868 33.4857 42.54 51.7409 60.4742 67.975 73.4874 76.4101 76.4101 73.4874 67.975 60.4742 51.7409 42.54 33.4857 24.8868 16.6611 8.45572 7.54367 14.8498 22.1667 29.8125 37.8622 46.042 53.806 60.4742 65.3748 67.9731 67.9731 65.3748 60.4742 53.806 46.042 37.8622 29.8125 22.1667 14.8498 7.54367 6.48169 12.7408 18.9996 25.5357 32.4157 39.4065 46.042 51.7409 55.9292 58.1497 58.1497 55.9292 51.7409 46.042 39.4065 32.4157 25.5357 18.9996 12.7408 6.48169 5.3626 10.5185 15.6625 21.0295 26.6773 32.4157 37.8622 42.54 45.9778 47.8004 47.8004 45.9778 42.54 37.8622 32.4157 26.6773 21.0295 15.6625 10.5185 5.3626 4.2604 8.33017 12.3772 16.594 21.0295 25.5357 29.8125 33.4857 36.1852 37.6164 37.6164 36.1852 33.4857 29.8125 25.5357 21.0295 16.594 12.3772 8.33017 4.2604 3.2102 6.24688 9.25196 12.3772 15.6625 18.9996 22.1667 24.8868 26.8858 27.9457 27.9457 26.8858 24.8868 22.1667 18.9996 15.6625 12.3772 9.25196 6.24687 3.2102 2.19476 4.23848 6.24688 8.33017 10.5185 12.7408 14.8498 16.6611 17.9922 18.698 18.698 17.9922 16.6611 14.8498 12.7408 10.5185 8.33017 6.24687 4.23848 2.19476 1.1517 2.19476 3.2102 4.2604 5.3626 6.48169 7.54367 8.45572 9.12599 9.48136 9.48136 9.12599 8.45572 7.54367 6.48169 5.3626 4.2604 3.2102 2.19476 1.1517
1.15495 2.20656 3.23059 4.28131 5.37337 6.47404 7.51364 8.40384 9.05684 9.40268 9.40268 9.05684 8.40384 7.51364 6.47404 5.37337 4.28131 3.23058 2.20656 1.15495 2.20656 4.27302 6.3049 8.39641 10.5722 12.7658 14.8379 16.6122 17.9137 18.603 18.603 17.9137 16.6122 14.8379 12.7658 10.5722 8.39641 6.3049 4.27301 2.20656 3.23059 6.3049 9.34995 12.4932 15.7663 19.0669 22.1849 24.8549 26.8135 27.8508 27.8508 26.8135 24.8549 22.1849 19.0669 15.7663 12.4932 9.34995 6.3049 3.23058 4.28131 8.39641 12.4932 16.7313 21.1476 25.602 29.8102 33.4138 36.0572 37.4573 37.4573 36.0572 33.4138 29.8102 25.602 21.1476 16.7313 12.4932 8.39641 4.28131 5.37337 10.5722 15.7663 21.1476 26.7581 32.4179 37.7651 42.3441 45.7031 47.4821 47.4821 45.7031 42.3441 37.7651 32.4179 26.7581 21.1476 15.7663 10.5722 5.37337 6.47404 12.7658 19.0669 25.602 32.4179 39.2946 45.7915 51.3552 55.4364 57.598 57.598 55.4364 51.3552 45.7915 39.2946 32.4179 25.602 19.0669 12.7658 6.47404 7.51364 14.8379 22.1849 29.8102 37.7651 45.7915 53.3749 59.8689 64.6326 67.1556 67.1556 64.6326 59.8689 53.3749 45.7915 37.7651 29.8102 22.1849 14.8379 7.51364 8.40384 16.6122 24.8549 33.4138 42.3441 51.3552 59.8689 67.1596 72.5078 75.3403 75.3403 72.5078 67.1596 59.8689 51.3552 42.3441 33.4138 24.8549 16.6122 8.40384 9.05684 17.9137 26.8135 36.0572 45.7031 55.4364 64.6326 72.5078 78.2847 81.3443 81.3443 78.2847 72.5078 64.6326 55.4364 45.7031 36.0572 26.8135 17.9137 9.05684 9.40268 18.603 27.8508 37.4573 47.4821 57.598 67.1556 75.3403 81.3443 84.5242 84.5242 81.3443 75.3403 67.1556 57.598 47.4821 37.4573 27.8508 18.603 9.40268 9.40268 18.603 27.8508 37.4573 47.4821 57.598 67.1556 75.3403 81.3443 84.5242 84.5242 81.3443 75.3403 67.1556 57.598 47.4821 37.4573 27.8508 18.603 9.40268 9.05684 17.9137 26.8135 36.0572 45.7031 55.4364 64.6326 72.5078 78.2847 81.3443 81.3443 78.2847 72.5078 64.6326 55.4364 45.7031 36.0572 26.8135 17.9137 9.05684 8.40384 16.6122 24.8549 33.4138 42.3441 51.3552 59.8689 67.1596 72.5078 75.3403 75.3403 72.5078 67.1596 59.8689 51.3552 42.3441 33.4138 24.8549 16.6122 8.40384 7.51364 14.8379 22.1849 29.8102 37.7651 45.7915 53.3749 59.8689 64.6326 67.1556 67.1556 64.6326 59.8689 53.3749 45.7915 37.7651 29.8102 22.1849 14.8379 7.51364 6.47404 12.7658 19.0669 25.602 32.4179 39.2946 45.7915 51.3552 55.4364 57.598 57.598 55.4364 51.3552 45.7915 39.2946 32.4179 25.602 19.0669 12.7658 6.47404 5.37337 10.5722 15.7663 21.1476 26.7581 32.4179 37.7651 42.3441 45.7031 47.4821 47.4821 45.7031 42.3441 37.7651 32.4179 26.7581 21.1476 15.7663 10.5722 5.37337 4.28131 8.39641 12.4932 16.7313 21.1476 25.602 29.8102 33.4138 36.0572 37.4573 37.4573 36.0572 33.4138 29.8102 25.602 21.1476 16.7313 12.4932 8.39641 4.28131 3.23058 6.3049 9.34995 12.4932 15.7663 19.0669 22.1849 24.8549 26.8135 27.8508 27.8508 26.8135 24.8549 22.1849 19.0669 15.7663 12.4932 9.34995 6.3049 3.23058 2.20656 4.27301 6.3049 8.39641 10.5722 12.7658 14.8379 16.6122 17.9137 18.603 18.603 17.9137 16.6122 14.8379 12.7658 10.5722 8.39641 6.3049 4.27301 2.20656 1.15495 2.20656 3.23058 4.28131 5.37337 6.47404 7.51364 8.40384 9.05684 9.40268 9.40268 9.05684 8.40384 7.51364 6.47404 5.37337 4.28131 3.23058 2.20656 1.15495
1.16012 2.2203 3.25248 4.30448 5.38829 6.47294 7.49255 8.36299 9.00029 9.33747 9.33747 9.00029 8.36299 7.49255 6.47294 5.38829 4.30448 3.25248 2.2203 1.16012 2.2203 4.30764 6.36011 8.45902 10.6237 12.7907 14.8279 16.5672 17.8406 18.5143 18.5143 17.8406 16.5672 14.8279 12.7907 10.6237 8.45902 6.3601 4.30764 2.2203 3.25248 6.36011 9.43895 12.5971 15.8576 19.1227 22.1926 24.8135 26.7325 27.7478 27.7478 26.7325 24.8135 22.1926 19.1227 15.8576 12.5971 9.43895 6.3601 3.25248 4.30448 8.45902 12.5971 16.8516 21.2479 25.6515 29.7922 33.3274 35.9158 37.2853 37.2853 35.9158 33.3274 29.7922 25.6515 21.2479 16.8516 12.5971 8.45902 4.30448 5.38829 10.6237 15.8576 21.2479 26.8212 32.405 37.6557 42.1386 45.421 47.1576 47.1576 45.421 42.1386 37.6557 32.405 26.8212 21.2479 15.8576 10.6237 5.38829 6.47294 12.7907 19.1227 25.6515 32.405 39.1721 45.5359 50.9691 54.9473 57.052 57.052 54.9473 50.9691 45.5359 39.1721 32.405 25.6515 19.1227 12.7907 6.47294 7.49255 14.8279 22.1926 29.7922 37.6557 45.5359 52.9465 59.2736 63.9062 66.3572 66.3572 63.9062 59.2736 52.9465 45.5359 37.6557 29.7922 22.1926 14.8279 7.49255 8.36299 16.5672 24.8135 33.3274 42.1386 50.9691 59.2736 66.3639 71.5553 74.302 74.302 71.5553 66.3639 59.2736 50.9691 42.1386 33.3274 24.8135 16.5672 8.36299 9.00029 17.8406 26.7325 35.9158 45.421 54.9473 63.9062 71.5553 77.1559 80.119 80.119 77.1559 71.5553 63.9062 54.9473 45.421 35.9158 26.7325 17.8406 9.00029 9.33747 18.5143 27.7478 37.2853 47.1575 57.052 66.3572 74.302 80.119 83.1966 83.1966 80.119 74.302 66.3572 57.052 47.1576 37.2853 27.7478 18.5143 9.33747 9.33747 18.5143 27.7478 37.2853 47.1576 57.052 66.3572 74.302 80.119 83.1966 83.1966 80.119 74.302 66.3572 57.052 47.1576 37.2853 27.7478 18.5143 9.33747 9.00029 17.8406 26.7325 35.9158 45.421 54.9473 63.9062 71.5553 77.1559 80.119 80.119 77.1559 71.5553 63.9062 54.9473 45.421 35.9158 26.7325 17.8406 9.00029 8.36299 16.5672 24.8135 33.3274 42.1386 50.9691 59.2736 66.3639 71.5553 74.302 74.302 71.5553 66.3639 59.2736 50.9691 42.1386 33.3274 24.8135 16.5672 8.36299 7.49255 14.8279 22.1926 29.7922 37.6557 45.5359 52.9465 59.2736 63.9062 66.3572 66.3572 63.9062 59.2736 52.9465 45.5359 37.6557 29.7922 22.1926 14.8279 7.49255 6.47294 12.7907 19.1227 25.6515 32.405 39.1721 45.5359 50.9691 54.9473 57.052 57.052 54.9473 50.9691 45.5359 39.1721 32.405 25.6515 19.1227 12.7907 6.47293 5.38829 10.6237 15.8576 21.2479 26.8212 32.405 37.6557 42.1386 45.421 47.1576 47.1576 45.421 42.1386 37.6557 32.405 26.8212 21.2479 15.8576 10.6237 5.38829 4.30448 8.45902 12.5971 16.8516 21.2479 25.6515 29.7922 33.3274 35.9158 37.2853 37.2853 35.9158 33.3274 29.7922 25.6515 21.2479 16.8516 12.5971 8.45902 4.30448 3.25248 6.3601 9.43894 12.5971 15.8576 19.1227 22.1926 24.8135 26.7325 27.7478 27.7478 26.7325 24.8135 22.1926 19.1227 15.8576 12.5971 9.43894 6.3601 3.25248 2.2203 4.30764 6.3601 8.45902 10.6237 12.7907 14.8279 16.5672 17.8406 18.5144 18.5143 17.8406 16.5672 14.8279 12.7907 10.6237 8.45902 6.3601 4.30764 2.2203 1.16012 2.2203 3.25248 4.30448 5.38829 6.47294 7.49255 8.36299 9.00029 9.33747 9.33747 9.00029 8.36299 7.49255 6.47294 5.38829 4.30448 3.25248 2.2203 1.16012
1.1665 2.23519 3.27501 4.32862 5.40549 6.4759 7.47737 8.3297 8.95254 9.28172 9.28172 8.95254 8.3297 7.47737 6.4759 5.40549 4.32862 3.27501 2.23519 1.1665 2.23519 4.34192 6.4125 8.51787 10.6722 12.8144 14.8188 16.5248 17.7715 18.4303 18.4303 17.7715 16.5248 14.8188 12.8144 10.6722 8.51787 6.4125 4.34192 2.23519 3.27501 6.4125 9.52006 12.69 15.9375 19.168 22.1911 24.7641 26.6445 27.6382 27.6382 26.6445 24.7642 22.1911 19.168 15.9375 12.69 9.52006 6.4125 3.27501 4.32862 8.51787 12.69 16.9567 21.3319 25.6857 29.7604 33.2285 35.763 37.1026 37.1026 35.763 33.2285 29.7604 25.6857 21.3319 16.9567 12.69 8.51787 4.32862 5.40549 10.6722 15.9375 21.3319 26.8677 32.3776 37.5347 41.9243 45.1322 46.8276 46.8276 45.1322 41.9243 37.5347 32.3776 26.8677 21.3319 15.9375 10.6722 5.40549 6.4759 12.8144 19.168 25.6857 32.3776 39.0394 45.2751 50.5828 54.4616 56.5117 56.5117 54.4616 50.5828 45.2751 39.0394 32.3776 25.6857 19.168 12.8144 6.4759 7.47737 14.8188 22.1911 29.7604 37.5347 45.2751 52.5205 58.6879 63.1949 65.577 65.577 63.1949 58.6879 52.5205 45.2751 37.5347 29.7604 22.1911 14.8188 7.47737 8.3297 16.5248 24.7641 33.2285 41.9243 50.5828 58.6879 65.587 70.6288 73.2934 73.2934 70.6288 65.587 58.6879 50.5828 41.9244 33.2285 24.7641 16.5248 8.3297 8.95254 17.7715 26.6445 35.763 45.1322 54.4616 63.1949 70.6288 76.0614 78.9326 78.9326 76.0614 70.6288 63.1949 54.4617 45.1322 35.763 26.6445 17.7715 8.95254 9.28172 18.4303 27.6382 37.1026 46.8276 56.5117 65.577 73.2934 78.9326 81.913 81.913 78.9326 73.2934 65.577 56.5117 46.8277 37.1026 27.6382 18.4303 9.28172 9.28172 18.4303 27.6382 37.1026 46.8276 56.5117 65.577 73.2934 78.9326 81.913 81.913 78.9326 73.2934 65.577 56.5117 46.8277 37.1026 27.6382 18.4303 9.28172 8.95254 17.7715 26.6445 35.763 45.1322 54.4616 63.1949 70.6288 76.0614 78.9326 78.9326 76.0614 70.6288 63.1949 54.4616 45.1322 35.763 26.6445 17.7715 8.95254 8.3297 16.5248 24.7642 33.2285 41.9243 50.5828 58.6879 65.587 70.6288 73.2934 73.2934 70.6288 65.587 58.6879 50.5828 41.9243 33.2285 24.7641 16.5248 8.3297 7.47737 14.8188 22.1911 29.7604 37.5347 45.2751 52.5205 58.6879 63.1949 65.577 65.577 63.1949 58.6879 52.5205 45.2751 37.5347 29.7604 22.1911 14.8188 7.47737 6.4759 12.8144 19.168 25.6857 32.3776 39.0394 45.2751 50.5828 54.4616 56.5117 56.5117 54.4616 50.5828 45.2751 39.0394 32.3776 25.6857 19.168 12.8144 6.4759 5.40549 10.6722 15.9375 21.3319 26.8677 32.3776 37.5347 41.9243 45.1322 46.8276 46.8276 45.1322 41.9243 37.5347 32.3776 26.8677 21.3319 15.9375 10.6722 5.40548 4.32862 8.51787 12.69 16.9567 21.3319 25.6857 29.7604 33.2285 35.763 37.1026 37.1026 35.763 33.2285 29.7604 25.6857 21.3319 16.9567 12.69 8.51787 4.32862 3.27501 6.4125 9.52005 12.69 15.9375 19.168 22.1911 24.7641 26.6445 27.6382 27.6382 26.6445 24.7641 22.1911 19.168 15.9375 12.69 9.52005 6.4125 3.27501 2.23519 4.34192 6.4125 8.51787 10.6722 12.8144 14.8188 16.5248 17.7715 18.4303 18.4303 17.7715 16.5248 14.8188 12.8144 10.6722 8.51787 6.4125 4.34192 2.23519 1.1665 2.23519 3.27501 4.32862 5.40549 6.4759 7.47737 8.3297 8.95254 9.28172 9.28172 8.95254 8.3297 7.47737 6.4759 5.40549 4.32862 3.27501 2.23519 1.1665
1.17362 2.25063 3.29758 4.35284 5.42366 6.48121 7.466 8.30152 8.9109 9.23261 9.23262 8.9109 8.30152 7.466 6.48121 5.42366 4.35284 3.29758 2.25063 1.17362 2.25063 4.37546 6.46205 8.57284 10.7174 12.8362 14.8095 16.4838 17.7049 18.3496 18.3496 17.7049 16.4838 14.8095 12.8362 10.7174 8.57284 6.46205 4.37546 2.25063 3.29758 6.46205 9.59407 12.7731 16.0071 19.2038 22.1814 24.7079 26.5506 27.5234 27.5234 26.5506 24.7079 22.1814 19.2038 16.0071 12.7731 9.59406 6.46205 3.29758 4.35284 8.57284 12.7731 17.0478 21.4011 25.7058 29.716 33.1188 35.6007 36.911 36.911 35.6007 33.1188 29.716 25.7058 21.4011 17.0478 12.7731 8.57284 4.35284 5.42366 10.7174 16.0071 21.4011 26.8988 32.3367 37.4031 41.7022 44.8379 46.4933 46.4933 44.8379 41.7022 37.4031 32.3367 26.8988 21.4011 16.0071 10.7174 5.42366 6.48121 12.8362 19.2038 25.7058 32.3367 38.897 45.0094 50.1963 53.9795 55.9769 55.9769 53.9795 50.1963 45.0094 38.897 32.3367 25.7058 19.2038 12.8362 6.48121 7.466 14.8095 22.1814 29.716 37.4031 45.0094 52.0969 58.1113 62.4981 64.8141 64.8141 62.4981 58.1113 52.0969 45.0094 37.4031 29.716 22.1814 14.8095 7.466 8.30152 16.4838 24.7079 33.1188 41.7022 50.1963 58.1113 64.8279 69.7269 72.3134 72.3134 69.7269 64.8279 58.1113 50.1963 41.7022 33.1188 24.7079 16.4838 8.30152 8.9109 17.7049 26.5506 35.6007 44.8379 53.9795 62.4981 69.7269 74.9995 77.7833 77.7833 74.9995 69.7269 62.4981 53.9795 44.8379 35.6007 26.5506 17.7049 8.9109 9.23261 18.3496 27.5234 36.911 46.4933 55.9769 64.8141 72.3134 77.7832 80.6711 80.6711 77.7833 72.3134 64.8141 55.9769 46.4934 36.911 27.5234 18.3496 9.23261 9.23262 18.3496 27.5234 36.911 46.4933 55.9769 64.8141 72.3134 77.7832 80.6711 80.6711 77.7833 72.3134 64.8141 55.9769 46.4934 36.911 27.5234 18.3496 9.23261 8.9109 17.7049 26.5506 35.6007 44.8379 53.9795 62.4981 69.7269 74.9995 77.7833 77.7833 74.9995 69.7269 62.4981 53.9795 44.8379 35.6007 26.5506 17.7049 8.9109 8.30152 16.4838 24.7079 33.1188 41.7022 50.1963 58.1113 64.8279 69.7269 72.3134 72.3134 69.7269 64.8279 58.1113 50.1963 41.7022 33.1188 24.7079 16.4838 8.30152 7.466 14.8095 22.1814 29.716 37.4031 45.0094 52.0969 58.1113 62.4981 64.8141 64.8141 62.4981 58.1113 52.0969 45.0094 37.4031 29.716 22.1814 14.8095 7.466 6.48121 12.8362 19.2038 25.7058 32.3367 38.897 45.0094 50.1963 53.9795 55.9769 55.9769 53.9795 50.1963 45.0094 38.8969 32.3367 25.7058 19.2038 12.8362 6.4812 5.42366 10.7174 16.0071 21.4011 26.8988 32.3367 37.4031 41.7022 44.8379 46.4933 46.4933 44.8379 41.7022 37.4031 32.3367 26.8988 21.4011 16.0071 10.7174 5.42366 4.35284 8.57284 12.7731 17.0478 21.4011 25.7058 29.716 33.1188 35.6007 36.911 36.911 35.6007 33.1188 29.716 25.7058 21.4011 17.0478 12.7731 8.57284 4.35284 3.29758 6.46205 9.59406 12.7731 16.0071 19.2038 22.1814 24.7079 26.5506 27.5234 27.5234 26.5506 24.7079 22.1814 19.2038 16.0071 12.7731 9.59406 6.46204 3.29758 2.25063 4.37546 6.46205 8.57284 10.7174 12.8362 14.8095 16.4838 17.7049 18.3496 18.3496 17.7049 16.4838 14.8095 12.8362 10.7174 8.57283 6.46204 4.37546 2.25063 1.17362 2.25063 3.29758 4.35284 5.42366 6.48121 7.466 8.30152 8.9109 9.23262 9.23262 8.9109 8.30152 7.466 6.4812 5.42366 4.35284 3.29758 2.25063 1.17362
