NumberOfInternalXNodes: 20 NumberOfInternalYNodes: 20 StepX 0.047619 StepY 0.047619
1.38779 2.32601 3.34103 4.56266 5.95788 7.44134 8.89001 10.1588 11.1038 11.6088 11.6088 11.1038 10.1588 8.89001 7.44134 5.95788 4.56265 3.34103 2.32601 1.38779 2.32601 3.89003 5.58847 7.63254 9.96717 12.4496 14.8739 16.9973 18.5789 19.424 19.424 18.5789 16.9973 14.8739 12.4496 9.96717 7.63254 5.58847 3.89003 2.32601 3.34103 5.58847 8.02855 10.965 14.3188 17.8849 21.3675 24.4178 26.6897 27.9037 27.9037 26.6897 24.4178 21.3675 17.8849 14.3188 10.965 8.02855 5.58847 3.34103 4.56266 7.63254 10.965 14.9754 19.5558 24.4262 29.1825 33.3484 36.4511 38.1092 38.1092 36.4511 33.3484 29.1825 24.4262 19.5558 14.9754 10.965 7.63253 4.56265 5.95788 9.96717 14.3188 19.5558 25.5372 31.8972 38.1083 43.5483 47.6001 49.7652 49.7652 47.6001 43.5483 38.1083 31.8972 25.5372 19.5558 14.3188 9.96717 5.95788 7.44134 12.4496 17.8849 24.4262 31.8972 39.8411 47.599 54.3939 59.4547 62.159 62.159 59.4547 54.3939 47.599 39.8411 31.8972 24.4262 17.8849 12.4496 7.44134 8.89001 14.8739 21.3675 29.1825 38.1083 47.599 56.8675 64.9855 71.0317 74.2627 74.2627 71.0317 64.9854 56.8675 47.599 38.1083 29.1825 21.3675 14.8739 8.89001 10.1588 16.9973 24.4178 33.3484 43.5483 54.3939 64.9855 74.2623 81.1716 84.8638 84.8638 81.1716 74.2623 64.9854 54.3939 43.5483 33.3484 24.4178 16.9973 10.1588 11.1038 18.5789 26.6897 36.4511 47.6001 59.4547 71.0317 81.1716 88.7238 92.7595 92.7595 88.7238 81.1716 71.0317 59.4547 47.6001 36.4511 26.6897 18.5789 11.1038 11.6088 19.424 27.9037 38.1092 49.7652 62.159 74.2627 84.8638 92.7595 96.9788 96.9788 92.7595 84.8638 74.2626 62.159 49.7652 38.1092 27.9037 19.424 11.6088 11.6088 19.424 27.9037 38.1092 49.7652 62.159 74.2627 84.8638 92.7595 96.9788 96.9788 92.7595 84.8638 74.2626 62.159 49.7652 38.1092 27.9037 19.424 11.6088 11.1038 18.5789 26.6897 36.4511 47.6001 59.4547 71.0317 81.1716 88.7238 92.7595 92.7595 88.7238 81.1716 71.0317 59.4547 47.6001 36.4511 26.6897 18.5789 11.1038 10.1588 16.9973 24.4178 33.3484 43.5483 54.3939 64.9854 74.2623 81.1716 84.8638 84.8638 81.1716 74.2623 64.9854 54.3939 43.5483 33.3484 24.4178 16.9973 10.1588 8.89001 14.8739 21.3675 29.1825 38.1083 47.599 56.8675 64.9854 71.0317 74.2626 74.2626 71.0317 64.9854 56.8675 47.599 38.1083 29.1825 21.3675 14.8739 8.89001 7.44134 12.4496 17.8849 24.4262 31.8972 39.8411 47.599 54.3939 59.4547 62.159 62.159 59.4546 54.3938 47.599 39.8411 31.8972 24.4262 17.8849 12.4496 7.44134 5.95788 9.96717 14.3188 19.5558 25.5372 31.8972 38.1083 43.5483 47.6001 49.7652 49.7652 47.6001 43.5483 38.1083 31.8972 25.5372 19.5558 14.3188 9.96717 5.95788 4.56265 7.63253 10.965 14.9754 19.5558 24.4262 29.1825 33.3484 36.4511 38.1092 38.1092 36.4511 33.3484 29.1825 24.4262 19.5558 14.9754 10.965 7.63253 4.56265 3.34103 5.58847 8.02855 10.965 14.3188 17.8849 21.3675 24.4178 26.6897 27.9037 27.9037 26.6897 24.4178 21.3675 17.8849 14.3188 10.965 8.02855 5.58847 3.34103 2.32601 3.89003 5.58847 7.63253 9.96717 12.4496 14.8739 16.9973 18.5789 19.424 19.424 18.5789 16.9973 14.8739 12.4496 9.96717 7.63253 5.58847 3.89003 2.32601 1.38779 2.32601 3.34103 4.56265 5.95788 7.44134 8.89001 10.1588 11.1038 11.6088 11.6088 11.1038 10.1588 8.89001 7.44134 5.95788 4.56265 3.34103 2.32601 1.38779
1.23114 2.20022 3.18551 4.33138 5.62806 6.99987 8.33448 9.5 10.3663 10.8286 10.8286 10.3663 9.5 8.33448 6.99987 5.62806 4.33138 3.18551 2.20022 1.23114 2.20022 3.92656 5.68444 7.72993 10.0448 12.4939 14.8767 16.9577 18.5045 19.3301 19.3301 18.5045 16.9577 14.8767 12.4939 10.0448 7.72993 5.68444 3.92656 2.20022 3.18551 5.68444 8.22946 11.1908 14.542 18.0876 21.5372 24.5499 26.7891 27.9842 27.9842 26.7891 24.5499 21.5372 18.0876 14.542 11.1908 8.22946 5.68444 3.18551 4.33138 7.72993 11.1908 15.2176 19.7746 24.5959 29.2867 33.3834 36.4283 38.0534 38.0534 36.4283 33.3833 29.2867 24.5959 19.7746 15.2176 11.1908 7.72993 4.33138 5.62806 10.0448 14.542 19.7746 25.6962 31.9612 38.0566 43.38 47.3367 49.4484 49.4484 47.3367 43.38 38.0566 31.9612 25.6962 19.7746 14.542 10.0448 5.62806 6.99987 12.4939 18.0876 24.5959 31.9612 39.7537 47.3352 53.9564 58.8778 61.5044 61.5044 58.8778 53.9564 47.3352 39.7537 31.9612 24.5959 18.0876 12.4939 6.99987 8.33448 14.8767 21.5372 29.2867 38.0566 47.3352 56.3625 64.2465 70.1064 73.2339 73.2339 70.1064 64.2465 56.3625 47.3352 38.0566 29.2867 21.5372 14.8767 8.33448 9.5 16.9577 24.5499 33.3833 43.38 53.9564 64.2465 73.2332 79.9128 83.4778 83.4778 79.9128 73.2332 64.2465 53.9564 43.38 33.3833 24.5499 16.9577 9.5 10.3663 18.5045 26.7891 36.4283 47.3367 58.8778 70.1064 79.9128 87.2016 91.0917 91.0917 87.2016 79.9128 70.1064 58.8778 47.3367 36.4283 26.7891 18.5045 10.3663 10.8286 19.3301 27.9843 38.0534 49.4484 61.5044 73.2339 83.4778 91.0917 95.1554 95.1554 91.0917 83.4778 73.2339 61.5044 49.4484 38.0534 27.9843 19.3301 10.8286 10.8286 19.3301 27.9842 38.0534 49.4484 61.5044 73.2339 83.4778 91.0917 95.1554 95.1554 91.0917 83.4778 73.2339 61.5044 49.4484 38.0534 27.9843 19.3301 10.8286 10.3663 18.5045 26.7891 36.4283 47.3367 58.8778 70.1064 79.9128 87.2016 91.0917 91.0917 87.2016 79.9128 70.1064 58.8778 47.3367 36.4283 26.7891 18.5045 10.3663 9.5 16.9577 24.5499 33.3833 43.38 53.9564 64.2465 73.2332 79.9128 83.4778 83.4778 79.9128 73.2332 64.2465 53.9564 43.38 33.3833 24.5499 16.9577 9.5 8.33448 14.8767 21.5372 29.2867 38.0566 47.3352 56.3625 64.2465 70.1064 73.2339 73.2339 70.1064 64.2465 56.3625 47.3352 38.0566 29.2867 21.5372 14.8767 8.33447 6.99987 12.4939 18.0876 24.5959 31.9612 39.7537 47.3352 53.9564 58.8778 61.5044 61.5044 58.8778 53.9564 47.3352 39.7537 31.9612 24.5959 18.0876 12.4939 6.99987 5.62806 10.0448 14.542 19.7746 25.6962 31.9612 38.0566 43.38 47.3367 49.4484 49.4484 47.3367 43.38 38.0566 31.9612 25.6962 19.7746 14.542 10.0448 5.62806 4.33138 7.72993 11.1908 15.2176 19.7746 24.5959 29.2867 33.3833 36.4283 38.0534 38.0534 36.4283 33.3833 29.2867 24.5959 19.7746 15.2176 11.1908 7.72992 4.33138 3.18551 5.68444 8.22946 11.1908 14.542 18.0876 21.5372 24.5499 26.7891 27.9842 27.9843 26.7891 24.5499 21.5372 18.0876 14.542 11.1908 8.22946 5.68444 3.18551 2.20022 3.92656 5.68444 7.72992 10.0448 12.4939 14.8767 16.9577 18.5045 19.3301 19.3301 18.5045 16.9577 14.8767 12.4939 10.0448 7.72992 5.68444 3.92656 2.20022 1.23114 2.20022 3.18551 4.33138 5.62806 6.99987 8.33448 9.5 10.3663 10.8286 10.8286 10.3663 9.5 8.33447 6.99987 5.62806 4.33138 3.18551 2.20022 1.23114
1.13825 2.11658 3.09296 4.19407 5.42532 6.72075 7.97632 9.06977 9.88086 10.3132 10.3132 9.88086 9.06977 7.97632 6.72074 5.42532 4.19407 3.09296 2.11658 1.13825 2.11658 3.93288 5.74636 7.7925 10.0808 12.4884 14.8221 16.8546 18.3622 19.1659 19.1659 18.3622 16.8546 14.8221 12.4884 10.0808 7.7925 5.74636 3.93288 2.11658 3.09296 5.74636 8.39597 11.3857 14.7292 18.2471 21.657 24.6267 26.8296 28.0039 28.0039 26.8296 24.6267 21.657 18.2471 14.7292 11.3857 8.39597 5.74636 3.09296 4.19407 7.7925 11.3857 15.4399 19.9739 24.7444 29.3683 33.3954 36.3826 37.9751 37.9751 36.3826 33.3954 29.3683 24.7444 19.9739 15.4399 11.3857 7.7925 4.19407 5.42532 10.0808 14.7292 19.9739 25.8391 32.0104 37.9921 43.2016 47.066 49.126 49.126 47.066 43.2016 37.9921 32.0104 25.8391 19.9739 14.7292 10.0808 5.42532 6.72074 12.4884 18.2471 24.7444 32.0104 39.6556 47.0659 53.5195 58.3068 60.8588 60.8588 58.3068 53.5195 47.0659 39.6556 32.0104 24.7444 18.2471 12.4884 6.72074 7.97632 14.8221 21.657 29.3683 37.9921 47.0659 55.8609 63.5205 69.2023 72.2312 72.2312 69.2023 63.5205 55.8609 47.0659 37.9921 29.3683 21.657 14.8221 7.97632 9.06977 16.8546 24.6267 33.3954 43.2016 53.5195 63.5205 72.2303 78.6912 82.1354 82.1354 78.6912 72.2303 63.5205 53.5195 43.2016 33.3954 24.6267 16.8546 9.06977 9.88086 18.3622 26.8296 36.3826 47.066 58.3068 69.2023 78.6912 85.7299 89.4822 89.4822 85.7299 78.6912 69.2023 58.3068 47.066 36.3826 26.8296 18.3622 9.88086 10.3132 19.1659 28.0039 37.9751 49.126 60.8588 72.2312 82.1354 89.4822 93.3987 93.3987 89.4822 82.1354 72.2312 60.8588 49.126 37.9751 28.0039 19.1659 10.3132 10.3132 19.1659 28.0039 37.9751 49.126 60.8588 72.2312 82.1354 89.4822 93.3987 93.3987 89.4822 82.1354 72.2312 60.8588 49.126 37.9751 28.0039 19.1659 10.3132 9.88086 18.3622 26.8296 36.3826 47.066 58.3068 69.2023 78.6912 85.7299 89.4822 89.4822 85.7299 78.6912 69.2023 58.3068 47.066 36.3826 26.8296 18.3622 9.88086 9.06977 16.8546 24.6267 33.3954 43.2016 53.5195 63.5205 72.2303 78.6912 82.1354 82.1354 78.6912 72.2303 63.5205 53.5195 43.2016 33.3954 24.6267 16.8546 9.06977 7.97632 14.8221 21.657 29.3683 37.9921 47.0659 55.8609 63.5205 69.2023 72.2312 72.2312 69.2023 63.5205 55.8609 47.0659 37.9921 29.3683 21.657 14.8221 7.97632 6.72074 12.4884 18.2471 24.7444 32.0104 39.6556 47.0659 53.5195 58.3068 60.8588 60.8588 58.3068 53.5195 47.0659 39.6555 32.0104 24.7444 18.2471 12.4884 6.72074 5.42532 10.0808 14.7292 19.9739 25.8391 32.0104 37.9921 43.2016 47.066 49.126 49.126 47.066 43.2016 37.9921 32.0104 25.8391 19.9739 14.7292 10.0808 5.42532 4.19407 7.7925 11.3857 15.4399 19.9739 24.7444 29.3683 33.3954 36.3826 37.9751 37.9751 36.3826 33.3954 29.3683 24.7444 19.9739 15.4399 11.3857 7.7925 4.19407 3.09296 5.74636 8.39597 11.3857 14.7292 18.2471 21.657 24.6267 26.8296 28.0039 28.0039 26.8296 24.6267 21.657 18.2471 14.7292 11.3857 8.39597 5.74636 3.09296 2.11658 3.93288 5.74636 7.7925 10.0808 12.4884 14.8221 16.8546 18.3622 19.1659 19.1659 18.3622 16.8546 14.8221 12.4884 10.0808 7.7925 5.74636 3.93288 2.11658 1.13825 2.11658 3.09296 4.19407 5.42532 6.72074 7.97632 9.06977 9.88086 10.3132 10.3132 9.88086 9.06977 7.97632 6.72074 5.42532 4.19407 3.09296 2.11658 1.13825
1.08096 2.06161 3.03783 4.1127 5.29902 6.53945 7.73713 8.7773 9.54739 9.95744 9.95744 9.54739 8.7773 7.73713 6.53945 5.29902 4.1127 3.03783 2.06161 1.08096 2.06161 3.93044 5.79099 7.84019 10.1022 12.4674 14.7513 16.7348 18.2034 18.9853 18.9853 18.2034 16.7348 14.7513 12.4674 10.1022 7.84019 5.79099 3.93044 2.06161 3.03783 5.79099 8.53207 11.5513 14.8841 18.3692 21.7342 24.6568 26.8206 27.9728 27.9728 26.8206 24.6568 21.7342 18.3691 14.8841 11.5513 8.53207 5.79099 3.03783 4.1127 7.84019 11.5513 15.639 20.1511 24.8693 29.425 33.3818 36.3112 37.8711 37.8711 36.3112 33.3818 29.425 24.8693 20.1511 15.639 11.5513 7.84019 4.1127 5.29902 10.1022 14.8841 20.1511 25.965 32.0443 37.9144 43.0126 46.7872 48.797 48.797 46.7872 43.0126 37.9144 32.0443 25.965 20.1511 14.8841 10.1022 5.29902 6.53945 12.4674 18.3692 24.8693 32.0443 39.547 46.7914 53.0833 57.7415 60.222 60.222 57.7415 53.0833 46.7914 39.547 32.0443 24.8693 18.3691 12.4674 6.53945 7.73713 14.7513 21.7342 29.425 37.9144 46.7914 55.3628 62.8072 68.3188 71.2535 71.2535 68.3188 62.8072 55.3628 46.7914 37.9144 29.425 21.7342 14.7513 7.73713 8.7773 16.7348 24.6568 33.3818 43.0126 53.0833 62.8072 71.2525 77.5052 80.8346 80.8346 77.5052 71.2525 62.8072 53.0833 43.0126 33.3818 24.6568 16.7348 8.7773 9.54739 18.2034 26.8206 36.3112 46.7872 57.7415 68.3188 77.5052 84.3065 87.928 87.928 84.3065 77.5052 68.3188 57.7415 46.7872 36.3112 26.8206 18.2034 9.54739 9.95744 18.9853 27.9728 37.8711 48.797 60.222 71.2535 80.8346 87.928 91.7051 91.7051 87.928 80.8345 71.2535 60.222 48.797 37.8711 27.9728 18.9853 9.95744 9.95744 18.9853 27.9728 37.8711 48.797 60.222 71.2535 80.8346 87.928 91.7051 91.7051 87.928 80.8345 71.2535 60.222 48.797 37.8711 27.9728 18.9853 9.95744 9.54739 18.2034 26.8206 36.3112 46.7872 57.7415 68.3188 77.5052 84.3065 87.928 87.928 84.3065 77.5052 68.3188 57.7415 46.7872 36.3112 26.8206 18.2034 9.54739 8.7773 16.7348 24.6568 33.3818 43.0126 53.0833 62.8072 71.2525 77.5052 80.8345 80.8345 77.5052 71.2525 62.8072 53.0833 43.0126 33.3818 24.6568 16.7348 8.7773 7.73713 14.7513 21.7342 29.425 37.9144 46.7914 55.3628 62.8072 68.3188 71.2535 71.2535 68.3188 62.8072 55.3628 46.7914 37.9144 29.425 21.7342 14.7513 7.73713 6.53945 12.4674 18.3691 24.8693 32.0443 39.547 46.7914 53.0833 57.7415 60.222 60.222 57.7415 53.0833 46.7914 39.547 32.0443 24.8693 18.3691 12.4674 6.53945 5.29902 10.1022 14.8841 20.1511 25.965 32.0443 37.9144 43.0126 46.7872 48.797 48.797 46.7872 43.0126 37.9144 32.0443 25.9649 20.1511 14.8841 10.1022 5.29902 4.1127 7.84019 11.5513 15.639 20.1511 24.8693 29.425 33.3818 36.3112 37.8711 37.8711 36.3112 33.3818 29.425 24.8693 20.1511 15.639 11.5513 7.84019 4.1127 3.03783 5.79099 8.53207 11.5513 14.8841 18.3691 21.7342 24.6568 26.8206 27.9728 27.9728 26.8206 24.6568 21.7342 18.3691 14.8841 11.5513 8.53207 5.79099 3.03783 2.06161 3.93044 5.79099 7.84019 10.1022 12.4674 14.7513 16.7348 18.2034 18.9853 18.9853 18.2034 16.7348 14.7513 12.4674 10.1022 7.84019 5.79099 3.93044 2.06161 1.08096 2.06161 3.03783 4.1127 5.29902 6.53945 7.73713 8.7773 9.54739 9.95744 9.95744 9.54739 8.7773 7.73713 6.53945 5.29902 4.1127 3.03783 2.06161 1.08096
1.04487 2.02608 3.00584 4.06553 5.22006 6.41909 7.57219 8.57091 9.30894 9.70148 9.70148 9.30894 8.57091 7.57219 6.41909 5.22006 4.06553 3.00584 2.02608 1.04487 2.02608 3.92799 5.82706 7.88144 10.1199 12.4448 14.6807 16.6173 18.0483 18.8095 18.8095 18.0483 16.6173 14.6807 12.4448 10.1199 7.88144 5.82706 3.92799 2.02608 3.00584 5.82706 8.64407 11.6917 15.0124 18.4614 21.7784 24.6514 26.7745 27.9038 27.9038 26.7745 24.6514 21.7784 18.4614 15.0124 11.6917 8.64406 5.82706 3.00584 4.06553 7.88145 11.6917 15.8137 20.3053 24.9702 29.4566 33.3425 36.2141 37.7414 37.7414 36.2141 33.3425 29.4566 24.9702 20.3053 15.8137 11.6917 7.88145 4.06553 5.22006 10.1199 15.0124 20.3053 26.0724 32.0622 37.8228 42.8122 46.4993 48.4604 48.4604 46.4993 42.8122 37.8228 32.0622 26.0724 20.3053 15.0124 10.1199 5.22006 6.41909 12.4448 18.4614 24.9702 32.0622 39.4281 46.512 52.6476 57.1817 59.5933 59.5933 57.1817 52.6476 46.512 39.4281 32.0622 24.9702 18.4614 12.4448 6.41909 7.57219 14.6807 21.7784 29.4566 37.8228 46.5119 54.8685 62.1064 67.4551 70.3 70.3 67.4551 62.1064 54.8685 46.5119 37.8228 29.4566 21.7784 14.6807 7.57219 8.57091 16.6173 24.6514 33.3425 42.8122 52.6476 62.1064 70.2991 76.3533 79.5735 79.5735 76.3533 70.2991 62.1064 52.6476 42.8122 33.3425 24.6514 16.6173 8.57091 9.30894 18.0483 26.7745 36.2141 46.4993 57.1817 67.4551 76.3533 82.9289 86.4264 86.4264 82.9289 76.3533 67.4551 57.1817 46.4993 36.2141 26.7745 18.0483 9.30894 9.70148 18.8095 27.9038 37.7414 48.4604 59.5933 70.3 79.5735 86.4264 90.0713 90.0713 86.4264 79.5735 70.3 59.5933 48.4604 37.7414 27.9038 18.8095 9.70148 9.70148 18.8095 27.9038 37.7414 48.4604 59.5933 70.3 79.5735 86.4264 90.0713 90.0713 86.4263 79.5735 70.3 59.5933 48.4604 37.7414 27.9038 18.8095 9.70148 9.30894 18.0483 26.7745 36.2141 46.4993 57.1817 67.4551 76.3533 82.9289 86.4264 86.4264 82.9289 76.3533 67.4551 57.1817 46.4993 36.2141 26.7745 18.0483 9.30894 8.57091 16.6173 24.6514 33.3425 42.8122 52.6476 62.1064 70.2991 76.3533 79.5735 79.5735 76.3533 70.2991 62.1064 52.6476 42.8122 33.3425 24.6514 16.6173 8.57091 7.57219 14.6807 21.7784 29.4566 37.8228 46.512 54.8685 62.1064 67.4551 70.3 70.3 67.4551 62.1064 54.8685 46.5119 37.8228 29.4566 21.7784 14.6807 7.57219 6.41909 12.4448 18.4614 24.9702 32.0622 39.4281 46.512 52.6476 57.1817 59.5933 59.5933 57.1817 52.6476 46.512 39.4281 32.0622 24.9702 18.4614 12.4448 6.41909 5.22006 10.1199 15.0124 20.3053 26.0724 32.0622 37.8228 42.8122 46.4993 48.4604 48.4604 46.4993 42.8122 37.8228 32.0622 26.0724 20.3053 15.0124 10.1199 5.22006 4.06553 7.88144 11.6917 15.8137 20.3053 24.9702 29.4566 33.3425 36.2141 37.7414 37.7414 36.2141 33.3425 29.4566 24.9702 20.3053 15.8137 11.6917 7.88144 4.06553 3.00584 5.82706 8.64406 11.6917 15.0124 18.4614 21.7784 24.6514 26.7745 27.9038 27.9038 26.7745 24.6514 21.7784 18.4614 15.0124 11.6917 8.64406 5.82706 3.00584 2.02608 3.92799 5.82706 7.88144 10.1199 12.4448 14.6807 16.6173 18.0483 18.8095 18.8095 18.0483 16.6172 14.6807 12.4448 10.1199 7.88144 5.82706 3.92799 2.02608 1.04487 2.02608 3.00584 4.06553 5.22006 6.41909 7.57219 8.57091 9.30894 9.70148 9.70148 9.30894 8.57091 7.57219 6.41909 5.22006 4.06553 3.00584 2.02608 1.04487
1.02201 2.00386 2.98861 4.03974 5.1711 6.33776 7.45503 8.42008 9.1319 9.51009 9.51009 9.1319 8.42008 7.45504 6.33776 5.1711 4.03974 2.98861 2.00386 1.02201 2.00386 3.9286 5.85895 7.91965 10.1378 12.4253 14.616 16.5082 17.904 18.6455 18.6455 17.904 16.5082 14.616 12.4253 10.1378 7.91965 5.85895 3.9286 2.00386 2.98861 5.85895 8.73765 11.8109 15.119 18.5306 21.7978 24.62 26.7016 27.8076 27.8076 26.7016 24.62 21.7978 18.5306 15.119 11.8109 8.73765 5.85895 2.98861 4.03974 7.91966 11.8109 15.965 20.4367 25.0481 29.4645 33.2792 36.093 37.588 37.588 36.093 33.2792 29.4645 25.0481 20.4367 15.965 11.8109 7.91965 4.03974 5.1711 10.1378 15.119 20.4367 26.1608 32.0638 37.7171 42.6002 46.202 48.1157 48.1157 46.202 42.6002 37.7171 32.0638 26.1608 20.4367 15.119 10.1378 5.1711 6.33776 12.4253 18.5306 25.0481 32.0638 39.2986 46.2275 52.2123 56.6268 58.9723 58.9723 56.6268 52.2123 46.2275 39.2986 32.0638 25.0481 18.5306 12.4253 6.33776 7.45504 14.616 21.7978 29.4645 37.7171 46.2274 54.3778 61.4178 66.6106 69.3695 69.3695 66.6106 61.4178 54.3778 46.2274 37.7171 29.4645 21.7978 14.616 7.45503 8.42008 16.5082 24.62 33.2792 42.6002 52.2123 61.4178 69.3691 75.2341 78.3503 78.3503 75.2341 69.3691 61.4178 52.2123 42.6002 33.2792 24.62 16.5082 8.42008 9.1319 17.904 26.7016 36.093 46.202 56.6268 66.6106 75.2341 81.595 84.9746 84.9746 81.595 75.2341 66.6106 56.6268 46.202 36.093 26.7016 17.904 9.1319 9.51009 18.6455 27.8076 37.588 48.1157 58.9723 69.3695 78.3503 84.9746 88.4941 88.4941 84.9746 78.3503 69.3695 58.9723 48.1157 37.588 27.8076 18.6455 9.51009 9.51009 18.6455 27.8076 37.588 48.1157 58.9723 69.3695 78.3503 84.9746 88.4941 88.4941 84.9746 78.3503 69.3695 58.9723 48.1157 37.588 27.8076 18.6455 9.51009 9.1319 17.904 26.7016 36.093 46.202 56.6268 66.6106 75.2341 81.595 84.9746 84.9746 81.595 75.2341 66.6106 56.6268 46.202 36.093 26.7016 17.904 9.1319 8.42008 16.5082 24.62 33.2792 42.6002 52.2123 61.4178 69.3691 75.2341 78.3503 78.3503 75.2341 69.3691 61.4178 52.2123 42.6002 33.2792 24.62 16.5082 8.42008 7.45503 14.616 21.7978 29.4645 37.7171 46.2275 54.3778 61.4178 66.6106 69.3695 69.3695 66.6106 61.4178 54.3778 46.2274 37.7171 29.4645 21.7978 14.616 7.45503 6.33776 12.4253 18.5306 25.0481 32.0638 39.2986 46.2274 52.2123 56.6268 58.9723 58.9723 56.6268 52.2123 46.2274 39.2986 32.0638 25.0481 18.5306 12.4253 6.33776 5.1711 10.1378 15.119 20.4367 26.1608 32.0638 37.7171 42.6002 46.202 48.1157 48.1157 46.202 42.6002 37.7171 32.0638 26.1608 20.4367 15.119 10.1378 5.1711 4.03974 7.91965 11.8109 15.965 20.4367 25.0481 29.4645 33.2792 36.093 37.588 37.588 36.093 33.2792 29.4645 25.0481 20.4367 15.965 11.8109 7.91965 4.03974 2.98861 5.85895 8.73764 11.8109 15.119 18.5306 21.7978 24.62 26.7016 27.8076 27.8076 26.7016 24.62 21.7978 18.5306 15.119 11.8109 8.73764 5.85895 2.98861 2.00386 3.9286 5.85895 7.91965 10.1378 12.4253 14.616 16.5082 17.904 18.6455 18.6455 17.904 16.5082 14.616 12.4253 10.1378 7.91965 5.85895 3.9286 2.00386 1.02201 2.00386 2.98861 4.03974 5.1711 6.33776 7.45503 8.42008 9.1319 9.51009 9.51009 9.1319 8.42007 7.45503 6.33776 5.1711 4.03974 2.98861 2.00386 1.02201
1.00775 1.99087 2.98103 4.02751 5.14151 6.28199 7.36944 8.3061 8.99572 9.36174 9.36174 8.99572 8.3061 7.36944 6.28199 5.14151 4.02751 2.98103 1.99087 1.00775 1.99087 3.93289 5.88876 7.956 10.1568 12.4099 14.5583 16.4088 17.7713 18.4944 18.4944 17.7713 16.4088 14.5583 12.4099 10.1568 7.956 5.88876 3.93289 1.99087 2.98103 5.88876 8.8172 11.9125 15.2077 18.5815 21.7985 24.5694 26.6096 27.6924 27.6924 26.6096 24.5694 21.7985 18.5815 15.2077 11.9125 8.81719 5.88876 2.98103 4.02751 7.95601 11.9125 16.0944 20.5464 25.1045 29.4508 33.1945 35.9509 37.4138 37.4138 35.9509 33.1945 29.4508 25.1045 20.5464 16.0944 11.9125 7.956 4.02751 5.14151 10.1568 15.2077 20.5464 26.23 32.0489 37.5973 42.3765 45.8953 47.7628 47.7628 45.8953 42.3765 37.5973 32.0489 26.23 20.5464 15.2077 10.1568 5.14151 6.28199 12.4099 18.5815 25.1045 32.0489 39.1585 45.9378 51.7771 56.0764 58.3582 58.3582 56.0764 51.7771 45.9378 39.1585 32.0489 25.1045 18.5815 12.4099 6.28199 7.36944 14.5583 21.7985 29.4508 37.5973 45.9378 53.8906 60.7408 65.7843 68.4612 68.4612 65.7843 60.7408 53.8906 45.9378 37.5973 29.4508 21.7985 14.5583 7.36944 8.3061 16.4088 24.5694 33.1945 42.3765 51.7771 60.7408 68.4616 74.1462 77.1632 77.1632 74.1462 68.4616 60.7408 51.7771 42.3765 33.1945 24.5694 16.4088 8.3061 8.99572 17.7713 26.6096 35.9509 45.8953 56.0764 65.7843 74.1462 80.3028 83.5703 83.5703 80.3028 74.1462 65.7843 56.0764 45.8953 35.9509 26.6096 17.7713 8.99572 9.36174 18.4944 27.6924 37.4138 47.7628 58.3582 68.4611 77.1632 83.5703 86.9708 86.9708 83.5703 77.1632 68.4611 58.3582 47.7628 37.4138 27.6924 18.4944 9.36173 9.36174 18.4944 27.6924 37.4138 47.7628 58.3582 68.4611 77.1632 83.5703 86.9708 86.9708 83.5703 77.1632 68.4611 58.3582 47.7628 37.4138 27.6924 18.4944 9.36173 8.99572 17.7713 26.6096 35.9509 45.8953 56.0764 65.7843 74.1462 80.3028 83.5703 83.5703 80.3028 74.1462 65.7843 56.0764 45.8953 35.9509 26.6096 17.7713 8.99572 8.3061 16.4088 24.5694 33.1945 42.3765 51.7771 60.7408 68.4616 74.1462 77.1633 77.1633 74.1462 68.4616 60.7408 51.7771 42.3765 33.1945 24.5694 16.4088 8.3061 7.36944 14.5583 21.7985 29.4508 37.5973 45.9378 53.8906 60.7408 65.7843 68.4612 68.4611 65.7843 60.7408 53.8906 45.9378 37.5973 29.4508 21.7985 14.5583 7.36944 6.28199 12.4099 18.5815 25.1045 32.0489 39.1585 45.9378 51.7771 56.0764 58.3582 58.3582 56.0764 51.7771 45.9378 39.1585 32.0489 25.1045 18.5815 12.4099 6.28199 5.14151 10.1568 15.2077 20.5464 26.23 32.0489 37.5973 42.3765 45.8953 47.7628 47.7628 45.8953 42.3765 37.5973 32.0489 26.23 20.5464 15.2077 10.1568 5.14151 4.02751 7.956 11.9125 16.0944 20.5464 25.1045 29.4508 33.1945 35.9509 37.4138 37.4138 35.9509 33.1945 29.4508 25.1045 20.5464 16.0944 11.9125 7.956 4.02751 2.98103 5.88876 8.81719 11.9125 15.2077 18.5815 21.7985 24.5694 26.6096 27.6924 27.6924 26.6096 24.5694 21.7985 18.5815 15.2077 11.9125 8.81719 5.88876 2.98103 1.99087 3.93289 5.88876 7.956 10.1568 12.4099 14.5583 16.4088 17.7713 18.4944 18.4944 17.7713 16.4088 14.5583 12.4099 10.1568 7.956 5.88876 3.93289 1.99087 1.00775 1.99087 2.98103 4.02751 5.14151 6.28199 7.36944 8.3061 8.99572 9.36174 9.36173 8.99572 8.3061 7.36944 6.28199 5.14151 4.02751 2.98103 1.99087 1.00775
0.999219 1.98432 2.97985 4.02396 5.12452 6.2432 7.30509 8.21713 8.88739 9.24276 9.24276 8.88739 8.21713 7.30509 6.2432 5.12452 4.02396 2.97985 1.98432 0.999219 1.98432 3.94049 5.91734 7.99074 10.1763 12.3979 14.5068 16.3181 17.6492 18.355 18.355 17.6492 16.3181 14.5068 12.3979 10.1763 7.99074 5.91734 3.94049 1.98432 2.97985 5.91734 8.88585 11.9994 15.2815 18.6177 21.7847 24.5047 26.5038 27.5636 27.5636 26.5038 24.5047 21.7847 18.6177 15.2815 11.9994 8.88585 5.91734 2.97985 4.02396 7.99074 11.9994 16.2039 20.636 25.1413 29.4179 33.0911 35.7906 37.2218 37.2218 35.7906 33.0911 29.4179 25.1413 20.636 16.2039 11.9994 7.99074 4.02396 5.12452 10.1763 15.2815 20.636 26.2803 32.0177 37.464 42.1418 45.5796 47.4023 47.4023 45.5796 42.1418 37.464 32.0177 26.2803 20.636 15.2815 10.1763 5.12452 6.2432 12.3979 18.6177 25.1413 32.0177 39.0077 45.6429 51.3418 55.5301 57.7506 57.7506 55.5301 51.3418 45.6429 39.0077 32.0177 25.1413 18.6177 12.3979 6.2432 7.30509 14.5068 21.7847 29.4179 37.464 45.6429 53.4067 60.0749 64.9756 67.5738 67.5738 64.9756 60.0749 53.4067 45.6429 37.464 29.4179 21.7847 14.5068 7.30509 8.21713 16.3181 24.5047 33.0911 42.1418 51.3418 60.0749 67.5757 73.0881 76.0107 76.0107 73.0881 67.5757 60.0749 51.3418 42.1418 33.0911 24.5047 16.3181 8.21713 8.88739 17.6492 26.5038 35.7906 45.5796 55.5301 64.9755 73.0881 79.0502 82.2112 82.2112 79.0502 73.0881 64.9755 55.5301 45.5796 35.7906 26.5038 17.6492 8.88739 9.24276 18.355 27.5636 37.2218 47.4023 57.7506 67.5738 76.0107 82.2112 85.4986 85.4986 82.2112 76.0107 67.5738 57.7506 47.4023 37.2218 27.5636 18.355 9.24276 9.24276 18.355 27.5636 37.2218 47.4023 57.7506 67.5738 76.0107 82.2112 85.4986 85.4986 82.2112 76.0107 67.5738 57.7506 47.4023 37.2218 27.5636 18.355 9.24276 8.88739 17.6492 26.5038 35.7906 45.5796 55.5301 64.9756 73.0881 79.0502 82.2112 82.2112 79.0502 73.0881 64.9755 55.5301 45.5796 35.7906 26.5038 17.6492 8.88739 8.21713 16.3181 24.5047 33.0911 42.1418 51.3418 60.0749 67.5757 73.0881 76.0107 76.0107 73.0881 67.5757 60.0749 51.3418 42.1418 33.0911 24.5047 16.3181 8.21713 7.30509 14.5068 21.7847 29.4179 37.464 45.6429 53.4067 60.0749 64.9756 67.5738 67.5738 64.9756 60.0749 53.4067 45.6429 37.464 29.4179 21.7847 14.5068 7.30509 6.2432 12.3979 18.6177 25.1413 32.0177 39.0077 45.6429 51.3418 55.5301 57.7506 57.7506 55.5301 51.3418 45.6429 39.0077 32.0177 25.1413 18.6177 12.3979 6.2432 5.12452 10.1763 15.2815 20.636 26.2803 32.0177 37.464 42.1418 45.5796 47.4023 47.4023 45.5796 42.1418 37.464 32.0177 26.2803 20.636 15.2815 10.1763 5.12452 4.02396 7.99073 11.9994 16.2039 20.636 25.1413 29.4179 33.0911 35.7906 37.2218 37.2218 35.7906 33.0911 29.4179 25.1413 20.636 16.2039 11.9994 7.99073 4.02396 2.97985 5.91734 8.88585 11.9994 15.2815 18.6177 21.7847 24.5047 26.5038 27.5636 27.5636 26.5038 24.5047 21.7847 18.6177 15.2815 11.9994 8.88585 5.91734 2.97985 1.98432 3.94049 5.91734 7.99073 10.1763 12.3979 14.5068 16.3181 17.6492 18.355 18.355 17.6492 16.3181 14.5068 12.3979 10.1763 7.99073 5.91734 3.94049 1.98432 0.999219 1.98432 2.97985 4.02396 5.12452 6.2432 7.30509 8.21713 8.88739 9.24276 9.24276 8.88739 8.21713 7.30509 6.2432 5.12452 4.02396 2.97985 1.98432 0.999219
0.99459 1.98227 2.9829 4.02593 5.11571 6.21578 7.25524 8.1454 8.7984 9.14424 9.14424 8.79839 8.1454 7.25524 6.21578 5.11571 4.02593 2.9829 1.98227 0.99459 1.98227 3.95072 5.94495 8.02372 10.1957 12.3883 14.4601 16.2343 17.5358 18.2251 18.2251 17.5358 16.2343 14.4601 12.3883 10.1957 8.02372 5.94495 3.95072 1.98227 2.9829 5.94495 8.94579 12.0739 15.3423 18.6417 21.7594 24.4293 26.3879 27.4252 27.4252 26.3879 24.4293 21.7594 18.6417 15.3423 12.0739 8.94579 5.94495 2.9829 4.02593 8.02372 12.0739 16.2957 20.707 25.1601 29.368 32.9715 35.6149 37.015 37.015 35.6149 32.9715 29.368 25.1601 20.707 16.2957 12.0739 8.02372 4.02593 5.11571 10.1957 15.3423 20.707 26.3125 31.971 37.3178 41.8968 45.2557 47.0347 47.0347 45.2557 41.8968 37.3178 31.971 26.3125 20.707 15.3423 10.1957 5.11571 6.21578 12.3883 18.6417 25.1601 31.971 38.8463 45.3428 50.9064 54.9876 57.1492 57.1492 54.9876 50.9064 45.3428 38.8463 31.971 25.1601 18.6417 12.3883 6.21578 7.25524 14.4601 21.7594 29.368 37.3178 45.3428 52.9258 59.4197 64.1834 66.7065 66.7065 64.1834 59.4197 52.9258 45.3428 37.3178 29.368 21.7594 14.4601 7.25524 8.14541 16.2343 24.4293 32.9715 41.8968 50.9064 59.4197 66.7104 72.0585 74.8911 74.8911 72.0585 66.7104 59.4197 50.9064 41.8968 32.9715 24.4293 16.2343 8.1454 8.7984 17.5358 26.3879 35.6149 45.2557 54.9876 64.1834 72.0585 77.8354 80.8951 80.8951 77.8354 72.0585 64.1834 54.9876 45.2557 35.6149 26.3879 17.5358 8.79839 9.14424 18.2251 27.4252 37.015 47.0347 57.1492 66.7064 74.8911 80.8951 84.0749 84.075 80.8951 74.8911 66.7065 57.1492 47.0347 37.015 27.4252 18.2251 9.14424 9.14424 18.2251 27.4252 37.015 47.0347 57.1492 66.7065 74.8911 80.8951 84.075 84.075 80.8951 74.8911 66.7064 57.1492 47.0347 37.015 27.4252 18.2251 9.14424 8.7984 17.5358 26.3879 35.6149 45.2557 54.9876 64.1834 72.0585 77.8354 80.8951 80.8951 77.8354 72.0585 64.1834 54.9876 45.2557 35.6149 26.3879 17.5358 8.79839 8.1454 16.2343 24.4293 32.9715 41.8968 50.9064 59.4197 66.7104 72.0585 74.8911 74.8911 72.0585 66.7104 59.4197 50.9064 41.8968 32.9715 24.4293 16.2343 8.1454 7.25524 14.4601 21.7594 29.368 37.3178 45.3428 52.9258 59.4197 64.1835 66.7065 66.7065 64.1834 59.4197 52.9258 45.3428 37.3178 29.368 21.7594 14.4601 7.25524 6.21578 12.3883 18.6417 25.1601 31.971 38.8463 45.3428 50.9064 54.9876 57.1492 57.1492 54.9876 50.9064 45.3428 38.8463 31.971 25.1601 18.6417 12.3883 6.21578 5.11571 10.1957 15.3423 20.707 26.3125 31.971 37.3178 41.8968 45.2557 47.0347 47.0347 45.2557 41.8968 37.3178 31.971 26.3125 20.707 15.3423 10.1957 5.11571 4.02593 8.02372 12.0739 16.2957 20.707 25.1601 29.368 32.9715 35.6149 37.015 37.015 35.6149 32.9715 29.368 25.1601 20.707 16.2957 12.0739 8.02372 4.02593 2.9829 5.94495 8.94579 12.0739 15.3423 18.6417 21.7594 24.4293 26.3879 27.4252 27.4252 26.3879 24.4293 21.7594 18.6417 15.3423 12.0739 8.94579 5.94495 2.9829 1.98227 3.95072 5.94495 8.02372 10.1957 12.3883 14.4601 16.2343 17.5358 18.2251 18.2251 17.5358 16.2343 14.4601 12.3883 10.1957 8.02372 5.94495 3.95072 1.98227 0.99459 1.98227 2.9829 4.02593 5.11571 6.21578 7.25524 8.1454 8.7984 9.14424 9.14424 8.79839 8.1454 7.25524 6.21578 5.11571 4.02593 2.9829 1.98227 0.99459
0.992644 1.98336 2.98872 4.03131 5.11214 6.19593 7.21532 8.08571 8.723 9.06018 9.06018 8.723 8.08571 7.21532 6.19593 5.11214 4.03131 2.98872 1.98336 0.992644 1.98336 3.96283 5.97157 8.0547 10.2143 12.3798 14.4167 16.1558 17.4292 18.103 18.103 17.4292 16.1558 14.4167 12.3798 10.2143 8.0547 5.97157 3.96284 1.98336 2.98872 5.97157 8.99848 12.1375 15.3918 18.6551 21.7245 24.3453 26.2643 27.2796 27.2796 26.2643 24.3453 21.7245 18.6551 15.3918 12.1375 8.99848 5.97157 2.98872 4.03131 8.0547 12.1375 16.3716 20.7612 25.1628 29.303 32.8381 35.4264 36.7959 36.7959 35.4264 32.8381 29.303 25.1628 20.7612 16.3716 12.1375 8.0547 4.03131 5.11214 10.2143 15.3918 20.7612 26.3275 31.9093 37.1595 41.6423 44.9246 46.6612 46.6612 44.9246 41.6423 37.1595 31.9093 26.3275 20.7612 15.3918 10.2143 5.11214 6.19593 12.3798 18.6551 25.1628 31.9093 38.6744 45.0376 50.4707 54.4489 56.5536 56.5536 54.4489 50.4707 45.0376 38.6744 31.9093 25.1628 18.6551 12.3798 6.19593 7.21532 14.4167 21.7245 29.303 37.1595 45.0376 52.4477 58.7746 63.4072 65.8582 65.8582 63.4072 58.7746 52.4477 45.0376 37.1595 29.303 21.7245 14.4167 7.21532 8.08571 16.1558 24.3453 32.8381 41.6423 50.4707 58.7746 65.8648 71.0562 73.8028 73.8028 71.0562 65.8648 58.7746 50.4707 41.6423 32.8381 24.3453 16.1558 8.08571 8.723 17.4292 26.2643 35.4264 44.9246 54.4489 63.4072 71.0562 76.6567 79.6198 79.6198 76.6567 71.0562 63.4072 54.4488 44.9246 35.4264 26.2643 17.4292 8.723 9.06018 18.103 27.2796 36.7959 46.6612 56.5536 65.8582 73.8028 79.6198 82.6975 82.6975 79.6198 73.8028 65.8582 56.5536 46.6612 36.7959 27.2796 18.103 9.06018 9.06018 18.103 27.2796 36.7959 46.6612 56.5536 65.8582 73.8028 79.6198 82.6975 82.6975 79.6198 73.8028 65.8582 56.5536 46.6612 36.7959 27.2796 18.103 9.06018 8.723 17.4292 26.2643 35.4264 44.9246 54.4489 63.4072 71.0562 76.6567 79.6198 79.6198 76.6567 71.0562 63.4072 54.4488 44.9246 35.4264 26.2643 17.4292 8.723 8.08571 16.1558 24.3453 32.8381 41.6423 50.4707 58.7746 65.8648 71.0562 73.8028 73.8028 71.0562 65.8648 58.7746 50.4707 41.6423 32.8381 24.3453 16.1558 8.08571 7.21532 14.4167 21.7245 29.303 37.1595 45.0376 52.4477 58.7747 63.4072 65.8582 65.8582 63.4072 58.7746 52.4477 45.0376 37.1595 29.303 21.7245 14.4167 7.21532 6.19593 12.3798 18.6551 25.1628 31.9093 38.6744 45.0376 50.4708 54.4489 56.5536 56.5536 54.4489 50.4707 45.0376 38.6744 31.9093 25.1628 18.6551 12.3798 6.19593 5.11214 10.2143 15.3918 20.7612 26.3275 31.9093 37.1595 41.6423 44.9246 46.6612 46.6612 44.9246 41.6423 37.1595 31.9093 26.3275 20.7612 15.3918 10.2143 5.11214 4.03131 8.0547 12.1375 16.3716 20.7612 25.1628 29.303 32.8381 35.4264 36.7959 36.7959 35.4264 32.8381 29.303 25.1628 20.7612 16.3716 12.1375 8.0547 4.03131 2.98872 5.97156 8.99848 12.1375 15.3918 18.6551 21.7245 24.3453 26.2643 27.2796 27.2796 26.2643 24.3453 21.7245 18.6551 15.3918 12.1375 8.99848 5.97157 2.98872 1.98336 3.96283 5.97156 8.0547 10.2143 12.3798 14.4167 16.1558 17.4292 18.103 18.103 17.4292 16.1558 14.4167 12.3798 10.2143 8.0547 5.97157 3.96283 1.98336 0.992644 1.98336 2.98872 4.03131 5.11214 6.19593 7.21532 8.08571 8.723 9.06018 9.06017 8.723 8.08571 7.21532 6.19593 5.11214 4.03131 2.98872 1.98336 0.992644
0.992549 1.98659 2.99627 4.03869 5.11179 6.18105 7.18219 8.03443 8.65726 8.98643 8.98643 8.65726 8.03443 7.18219 6.18105 5.11179 4.03869 2.99627 1.98659 0.992549 1.98659 3.97616 5.99701 8.08342 10.2312 12.3714 14.3753 16.0811 17.3277 17.9866 17.9866 17.3277 16.0811 14.3753 12.3714 10.2312 8.08342 5.99701 3.97616 1.98659 2.99627 5.99701 9.04494 12.1917 15.4312 18.6592 21.6816 24.2544 26.1347 27.1285 27.1285 26.1347 24.2544 21.6816 18.6592 15.4312 12.1917 9.04494 5.99701 2.99627 4.03869 8.08342 12.1917 16.4334 20.7999 25.1509 29.2248 32.6927 35.2272 36.5667 36.5667 35.2272 32.6927 29.2248 25.1509 20.7999 16.4334 12.1917 8.08342 4.03869 5.11179 10.2312 15.4312 20.7999 26.3266 31.8336 36.99 41.3794 44.5872 46.2826 46.2826 44.5872 41.3794 36.99 31.8336 26.3266 20.7999 15.4312 10.2312 5.11179 6.18104 12.3714 18.6592 25.1509 31.8336 38.4926 44.7274 50.0349 53.9137 55.9637 55.9637 53.9137 50.0349 44.7274 38.4926 31.8336 25.1509 18.6592 12.3714 6.18104 7.18219 14.3753 21.6816 29.2248 36.99 44.7274 51.972 58.1392 62.6461 65.0282 65.0282 62.6461 58.1392 51.972 44.7274 36.99 29.2248 21.6816 14.3753 7.18219 8.03443 16.0811 24.2544 32.6927 41.3794 50.0349 58.1391 65.038 70.0798 72.7444 72.7444 70.0798 65.038 58.1391 50.0349 41.3794 32.6927 24.2544 16.0811 8.03443 8.65726 17.3277 26.1347 35.2272 44.5872 53.9137 62.6461 70.0797 75.5123 78.3835 78.3835 75.5123 70.0797 62.6461 53.9137 44.5872 35.2272 26.1347 17.3277 8.65726 8.98643 17.9866 27.1284 36.5667 46.2826 55.9637 65.0282 72.7444 78.3835 81.3639 81.3639 78.3835 72.7444 65.0282 55.9637 46.2826 36.5667 27.1284 17.9866 8.98643 8.98643 17.9866 27.1285 36.5667 46.2826 55.9637 65.0282 72.7444 78.3835 81.3639 81.3639 78.3835 72.7444 65.0282 55.9637 46.2826 36.5667 27.1284 17.9866 8.98643 8.65726 17.3277 26.1347 35.2272 44.5872 53.9137 62.6461 70.0798 75.5123 78.3835 78.3835 75.5123 70.0797 62.6461 53.9137 44.5872 35.2272 26.1347 17.3277 8.65726 8.03443 16.0811 24.2544 32.6927 41.3794 50.0349 58.1392 65.038 70.0798 72.7444 72.7444 70.0798 65.038 58.1392 50.0349 41.3794 32.6927 24.2544 16.0811 8.03443 7.18219 14.3753 21.6816 29.2248 36.99 44.7274 51.9721 58.1392 62.6461 65.0282 65.0282 62.6461 58.1392 51.972 44.7274 36.99 29.2248 21.6815 14.3753 7.18219 6.18105 12.3714 18.6592 25.1509 31.8336 38.4926 44.7274 50.0349 53.9137 55.9637 55.9637 53.9137 50.0349 44.7274 38.4926 31.8336 25.1509 18.6592 12.3714 6.18104 5.11179 10.2312 15.4312 20.7999 26.3266 31.8336 36.99 41.3794 44.5872 46.2826 46.2826 44.5872 41.3794 36.99 31.8336 26.3266 20.7999 15.4312 10.2312 5.11179 4.03869 8.08342 12.1917 16.4334 20.7999 25.1509 29.2248 32.6927 35.2272 36.5667 36.5667 35.2272 32.6927 29.2248 25.1509 20.7999 16.4334 12.1917 8.08342 4.03869 2.99627 5.99701 9.04494 12.1917 15.4312 18.6592 21.6816 24.2544 26.1347 27.1284 27.1284 26.1347 24.2544 21.6815 18.6592 15.4312 12.1917 9.04494 5.99701 2.99627 1.98659 3.97616 5.99701 8.08342 10.2312 12.3714 14.3753 16.0811 17.3277 17.9866 17.9866 17.3277 16.0811 14.3753 12.3714 10.2312 8.08342 5.99701 3.97616 1.98659 0.992549 1.98659 2.99627 4.03869 5.11179 6.18105 7.18219 8.03443 8.65726 8.98643 8.98643 8.65726 8.03443 7.18219 6.18104 5.11179 4.03869 2.99627 1.98659 0.992549
0.993717 1.99124 3.00479 4.04707 5.11325 6.16929 7.15364 7.98904 8.59838 8.92009 8.92009 8.59838 7.98903 7.15364 6.16929 5.11325 4.04707 3.00479 1.99124 0.993717 1.99124 3.99012 6.02109 8.10964 10.2461 12.3623 14.3348 16.0088 17.2299 17.8746 17.8746 17.2299 16.0088 14.3348 12.3623 10.2461 8.10964 6.02109 3.99012 1.99124 3.00479 6.02109 9.08583 12.2375 15.4614 18.6548 21.6313 24.1575 26.0002 26.973 26.973 26.0002 24.1575 21.6313 18.6548 15.4614 12.2375 9.08583 6.02109 3.00479 4.04707 8.10964 12.2375 16.4823 20.8246 25.1256 29.1347 32.5371 35.0189 36.3292 36.3292 35.0189 32.5371 29.1347 25.1256 20.8246 16.4823 12.2375 8.10964 4.04707 5.11325 10.2461 15.4614 20.8246 26.3108 31.7449 36.8101 41.1089 44.2445 45.8999 45.8999 44.2445 41.1089 36.8101 31.7449 26.3108 20.8246 15.4614 10.2461 5.11325 6.16929 12.3623 18.6548 25.1256 31.7449 38.3013 44.4125 49.5991 53.3822 55.3795 55.3795 53.3822 49.5991 44.4125 38.3013 31.7449 25.1256 18.6548 12.3623 6.16929 7.15364 14.3348 21.6313 29.1347 36.8101 44.4125 51.4988 57.5128 61.8995 64.2155 64.2155 61.8995 57.5128 51.4988 44.4125 36.8101 29.1347 21.6313 14.3348 7.15364 7.98904 16.0088 24.1575 32.5371 41.1089 49.5991 57.5128 64.2291 69.1281 71.7145 71.7145 69.1281 64.2291 57.5128 49.5991 41.1089 32.5371 24.1575 16.0088 7.98903 8.59838 17.2299 26.0002 35.0189 44.2445 53.3822 61.8995 69.128 74.4006 77.1843 77.1843 74.4006 69.128 61.8995 53.3822 44.2445 35.0189 26.0002 17.2299 8.59838 8.92009 17.8746 26.973 36.3292 45.8999 55.3795 64.2155 71.7145 77.1843 80.0721 80.0721 77.1843 71.7145 64.2155 55.3795 45.8999 36.3292 26.973 17.8746 8.92009 8.92009 17.8746 26.973 36.3292 45.8999 55.3795 64.2155 71.7145 77.1843 80.0721 80.0721 77.1843 71.7145 64.2155 55.3795 45.8999 36.3292 26.973 17.8746 8.92009 8.59838 17.2299 26.0002 35.0189 44.2445 53.3822 61.8995 69.1281 74.4006 77.1843 77.1843 74.4006 69.128 61.8995 53.3822 44.2445 35.0189 26.0002 17.2299 8.59838 7.98904 16.0088 24.1575 32.5371 41.1089 49.5991 57.5128 64.2291 69.1281 71.7145 71.7145 69.1281 64.2291 57.5128 49.5991 41.1089 32.5371 24.1575 16.0088 7.98903 7.15364 14.3348 21.6313 29.1347 36.8101 44.4125 51.4988 57.5129 61.8995 64.2155 64.2155 61.8995 57.5128 51.4988 44.4125 36.8101 29.1347 21.6313 14.3348 7.15364 6.16929 12.3623 18.6548 25.1256 31.7449 38.3013 44.4125 49.5991 53.3822 55.3795 55.3795 53.3822 49.5991 44.4125 38.3012 31.7449 25.1256 18.6548 12.3623 6.16929 5.11325 10.2461 15.4614 20.8246 26.3108 31.7449 36.8101 41.1089 44.2445 45.8999 45.8999 44.2445 41.1089 36.8101 31.7449 26.3108 20.8246 15.4614 10.2461 5.11325 4.04707 8.10964 12.2375 16.4823 20.8246 25.1256 29.1347 32.5371 35.0189 36.3292 36.3292 35.0189 32.5371 29.1347 25.1256 20.8246 16.4823 12.2375 8.10964 4.04707 3.00479 6.02109 9.08583 12.2375 15.4614 18.6548 21.6313 24.1575 26.0002 26.973 26.973 26.0002 24.1575 21.6313 18.6548 15.4614 12.2375 9.08583 6.02109 3.00479 1.99124 3.99012 6.02109 8.10964 10.2461 12.3623 14.3348 16.0088 17.2299 17.8746 17.8746 17.2299 16.0088 14.3348 12.3623 10.2461 8.10964 6.02109 3.99012 1.99124 0.993717 1.99124 3.00479 4.04707 5.11325 6.16929 7.15364 7.98903 8.59838 8.92009 8.92009 8.59838 7.98903 7.15364 6.16929 5.11325 4.04707 3.00479 1.99124 0.993717
