StepX 0.5 Xmax 20 StepT 0.5
-0.309017 0 0.309017 0.587785 0.809017 0.951057 1 0.951057 0.809017 0.587785 0.309017 1.22461e-16 -0.309017 -0.587785 -0.809017 -0.951057 -1 -0.951057 -0.809017 -0.587785 -0.309017 -2.44921e-16 0.309017 0.587785 0.809017 0.951057 1 0.951057 0.809017 0.587785 0.309017 3.67382e-16 -0.309017 -0.587785 -0.809017 -0.951057 -1 -0.951057 -0.809017 -0.587785 -0.309017
-0.587785 -0.309017 0 0.309017 0.587785 0.809017 0.951057 1 0.951057 0.809017 0.587785 0.309017 1.22461e-16 -0.309017 -0.587785 -0.809017 -0.951057 -1 -0.951057 -0.809017 -0.587785 -0.309017 -2.44921e-16 0.309017 0.587785 0.809017 0.951057 1 0.951057 0.809017 0.587785 0.309017 3.67382e-16 -0.309017 -0.587785 -0.809017 -0.951057 -1 -0.951057 -0.809017 -0.587785
-0.809017 -0.587785 -0.309017 0 0.309017 0.587785 0.809017 0.951057 1 0.951057 0.809017 0.587785 0.309017 1.22461e-16 -0.309017 -0.587785 -0.809017 -0.951057 -1 -0.951057 -0.809017 -0.587785 -0.309017 -2.44921e-16 0.309017 0.587785 0.809017 0.951057 1 0.951057 0.809017 0.587785 0.309017 3.67382e-16 -0.309017 -0.587785 -0.809017 -0.951057 -1 -0.951057 -0.809017
-0.951057 -0.809017 -0.587785 -0.309017 0 0.309017 0.587785 0.809017 0.951057 1 0.951057 0.809017 0.587785 0.309017 1.22461e-16 -0.309017 -0.587785 -0.809017 -0.951057 -1 -0.951057 -0.809017 -0.587785 -0.309017 -2.44921e-16 0.309017 0.587785 0.809017 0.951057 1 0.951057 0.809017 0.587785 0.309017 3.67382e-16 -0.309017 -0.587785 -0.809017 -0.951057 -1 -0.951057
-1 -0.951057 -0.809017 -0.587785 -0.309017 0 0.309017 0.587785 0.809017 0.951057 1 0.951057 0.809017 0.587785 0.309017 1.22461e-16 -0.309017 -0.587785 -0.809017 -0.951057 -1 -0.951057 -0.809017 -0.587785 -0.309017 -2.44921e-16 0.309017 0.587785 0.809017 0.951057 1 0.951057 0.809017 0.587785 0.309017 3.67382e-16 -0.309017 -0.587785 -0.809017 -0.951057 -1
-0.951057 -1 -0.951057 -0.809017 -0.587785 -0.309017 0 0.309017 0.587785 0.809017 0.951057 1 0.951057 0.809017 0.587785 0.309017 1.22461e-16 -0.309017 -0.587785 -0.809017 -0.951057 -1 -0.951057 -0.809017 -0.587785 -0.309017 -2.44921e-16 0.309017 0.587785 0.809017 0.951057 1 0.951057 0.809017 0.587785 0.309017 3.67382e-16 -0.309017 -0.587785 -0.809017 -0.951057
-0.809017 -0.951057 -1 -0.951057 -0.809017 -0.587785 -0.309017 0 0.309017 0.587785 0.809017 0.951057 1 0.951057 0.809017 0.587785 0.309017 1.22461e-16 -0.309017 -0.587785 -0.809017 -0.951057 -1 -0.951057 -0.809017 -0.587785 -0.309017 -2.44921e-16 0.309017 0.587785 0.809017 0.951057 1 0.951057 0.809017 0.587785 0.309017 3.67382e-16 -0.309017 -0.587785 -0.809017
-0.587785 -0.809017 -0.951057 -1 -0.951057 -0.809017 -0.587785 -0.309017 0 0.309017 0.587785 0.809017 0.951057 1 0.951057 0.809017 0.587785 0.309017 1.22461e-16 -0.309017 -0.587785 -0.809017 -0.951057 -1 -0.951057 -0.809017 -0.587785 -0.309017 -2.44921e-16 0.309017 0.587785 0.809017 0.951057 1 0.951057 0.809017 0.587785 0.309017 3.67382e-16 -0.309017 -0.587785
-0.309017 -0.587785 -0.809017 -0.951057 -1 -0.951057 -0.809017 -0.587785 -0.309017 0 0.309017 0.587785 0.809017 0.951057 1 0.951057 0.809017 0.587785 0.309017 1.22461e-16 -0.309017 -0.587785 -0.809017 -0.951057 -1 -0.951057 -0.809017 -0.587785 -0.309017 -2.44921e-16 0.309017 0.587785 0.809017 0.951057 1 0.951057 0.809017 0.587785 0.309017 3.67382e-16 -0.309017
3.67382e-16 -0.309017 -0.587785 -0.809017 -0.951057 -1 -0.951057 -0.809017 -0.587785 -0.309017 0 0.309017 0.587785 0.809017 0.951057 1 0.951057 0.809017 0.587785 0.309017 1.22461e-16 -0.309017 -0.587785 -0.809017 -0.951057 -1 -0.951057 -0.809017 -0.587785 -0.309017 -2.44921e-16 0.309017 0.587785 0.809017 0.951057 1 0.951057 0.809017 0.587785 0.309017 3.67382e-16
0.309017 3.67382e-16 -0.309017 -0.587785 -0.809017 -0.951057 -1 -0.951057 -0.809017 -0.587785 -0.309017 0 0.309017 0.587785 0.809017 0.951057 1 0.951057 0.809017 0.587785 0.309017 1.22461e-16 -0.309017 -0.587785 -0.809017 -0.951057 -1 -0.951057 -0.809017 -0.587785 -0.309017 -2.44921e-16 0.309017 0.587785 0.809017 0.951057 1 0.951057 0.809017 0.587785 0.309017
0.587785 0.309017 3.67382e-16 -0.309017 -0.587785 -0.809017 -0.951057 -1 -0.951057 -0.809017 -0.587785 -0.309017 0 0.309017 0.587785 0.809017 0.951057 1 0.951057 0.809017 0.587785 0.309017 1.22461e-16 -0.309017 -0.587785 -0.809017 -0.951057 -1 -0.951057 -0.809017 -0.587785 -0.309017 -2.44921e-16 0.309017 0.587785 0.809017 0.951057 1 0.951057 0.809017 0.587785
0.809017 0.587785 0.309017 3.67382e-16 -0.309017 -0.587785 -0.809017 -0.951057 -1 -0.951057 -0.809017 -0.587785 -0.309017 0 0.309017 0.587785 0.809017 0.951057 1 0.951057 0.809017 0.587785 0.309017 1.22461e-16 -0.309017 -0.587785 -0.809017 -0.951057 -1 -0.951057 -0.809017 -0.587785 -0.309017 -2.44921e-16 0.309017 0.587785 0.809017 0.951057 1 0.951057 0.809017
0.951057 0.809017 0.587785 0.309017 3.67382e-16 -0.309017 -0.587785 -0.809017 -0.951057 -1 -0.951057 -0.809017 -0.587785 -0.309017 0 0.309017 0.587785 0.809017 0.951057 1 0.951057 0.809017 0.587785 0.309017 1.22461e-16 -0.309017 -0.587785 -0.809017 -0.951057 -1 -0.951057 -0.809017 -0.587785 -0.309017 -2.44921e-16 0.309017 0.587785 0.809017 0.951057 1 0.951057
1 0.951057 0.809017 0.587785 0.309017 3.67382e-16 -0.309017 -0.587785 -0.809017 -0.951057 -1 -0.951057 -0.809017 -0.587785 -0.309017 0 0.309017 0.587785 0.809017 0.951057 1 0.951057 0.809017 0.587785 0.309017 1.22461e-16 -0.309017 -0.587785 -0.809017 -0.951057 -1 -0.951057 -0.809017 -0.587785 -0.309017 -2.44921e-16 0.309017 0.587785 0.809017 0.951057 1
0.951057 1 0.951057 0.809017 0.587785 0.309017 3.67382e-16 -0.309017 -0.587785 -0.809017 -0.951057 -1 -0.951057 -0.809017 -0.587785 -0.309017 0 0.309017 0.587785 0.809017 0.951057 1 0.951057 0.809017 0.587785 0.309017 1.22461e-16 -0.309017 -0.587785 -0.809017 -0.951057 -1 -0.951057 -0.809017 -0.587785 -0.309017 -2.44921e-16 0.309017 0.587785 0.809017 0.951057
0.809017 0.951057 1 0.951057 0.809017 0.587785 0.309017 3.67382e-16 -0.309017 -0.587785 -0.809017 -0.951057 -1 -0.951057 -0.809017 -0.587785 -0.309017 0 0.309017 0.587785 0.809017 0.951057 1 0.951057 0.809017 0.587785 0.309017 1.22461e-16 -0.309017 -0.587785 -0.809017 -0.951057 -1 -0.951057 -0.809017 -0.587785 -0.309017 -2.44921e-16 0.309017 0.587785 0.809017
0.587785 0.809017 0.951057 1 0.951057 0.809017 0.587785 0.309017 3.67382e-16 -0.309017 -0.587785 -0.809017 -0.951057 -1 -0.951057 -0.809017 -0.587785 -0.309017 0 0.309017 0.587785 0.809017 0.951057 1 0.951057 0.809017 0.587785 0.309017 1.22461e-16 -0.309017 -0.587785 -0.809017 -0.951057 -1 -0.951057 -0.809017 -0.587785 -0.309017 -2.44921e-16 0.309017 0.587785
0.309017 0.587785 0.809017 0.951057 1 0.951057 0.809017 0.587785 0.309017 3.67382e-16 -0.309017 -0.587785 -0.809017 -0.951057 -1 -0.951057 -0.809017 -0.587785 -0.309017 0 0.309017 0.587785 0.809017 0.951057 1 0.951057 0.809017 0.587785 0.309017 1.22461e-16 -0.309017 -0.587785 -0.809017 -0.951057 -1 -0.951057 -0.809017 -0.587785 -0.309017 -2.44921e-16 0.309017
-2.44921e-16 0.309017 0.587785 0.809017 0.951057 1 0.951057 0.809017 0.587785 0.309017 3.67382e-16 -0.309017 -0.587785 -0.809017 -0.951057 -1 -0.951057 -0.809017 -0.587785 -0.309017 0 0.309017 0.587785 0.809017 0.951057 1 0.951057 0.809017 0.587785 0.309017 1.22461e-16 -0.309017 -0.587785 -0.809017 -0.951057 -1 -0.951057 -0.809017 -0.587785 -0.309017 -2.44921e-16
-0.309017 -2.44921e-16 0.309017 0.587785 0.809017 0.951057 1 0.951057 0.809017 0.587785 0.309017 3.67382e-16 -0.309017 -0.587785 -0.809017 -0.951057 -1 -0.951057 -0.809017 -0.587785 -0.309017 0 0.309017 0.587785 0.809017 0.951057 1 0.951057 0.809017 0.587785 0.309017 1.22461e-16 -0.309017 -0.587785 -0.809017 -0.951057 -1 -0.951057 -0.809017 -0.587785 -0.309017
-0.587785 -0.309017 -2.44921e-16 0.309017 0.587785 0.809017 0.951057 1 0.951057 0.809017 0.587785 0.309017 3.67382e-16 -0.309017 -0.587785 -0.809017 -0.951057 -1 -0.951057 -0.809017 -0.587785 -0.309017 0 0.309017 0.587785 0.809017 0.951057 1 0.951057 0.809017 0.587785 0.309017 1.22461e-16 -0.309017 -0.587785 -0.809017 -0.951057 -1 -0.951057 -0.809017 -0.587785
-0.809017 -0.587785 -0.309017 -2.44921e-16 0.309017 0.587785 0.809017 0.951057 1 0.951057 0.809017 0.587785 0.309017 3.67382e-16 -0.309017 -0.587785 -0.809017 -0.951057 -1 -0.951057 -0.809017 -0.587785 -0.309017 0 0.309017 0.587785 0.809017 0.951057 1 0.951057 0.809017 0.587785 0.309017 1.22461e-16 -0.309017 -0.587785 -0.809017 -0.951057 -1 -0.951057 -0.809017
-0.951057 -0.809017 -0.587785 -0.309017 -2.44921e-16 0.309017 0.587785 0.809017 0.951057 1 0.951057 0.809017 0.587785 0.309017 3.67382e-16 -0.309017 -0.587785 -0.809017 -0.951057 -1 -0.951057 -0.809017 -0.587785 -0.309017 0 0.309017 0.587785 0.809017 0.951057 1 0.951057 0.809017 0.587785 0.309017 1.22461e-16 -0.309017 -0.587785 -0.809017 -0.951057 -1 -0.951057
-1 -0.951057 -0.809017 -0.587785 -0.309017 -2.44921e-16 0.309017 0.587785 0.809017 0.951057 1 0.951057 0.809017 0.587785 0.309017 3.67382e-16 -0.309017 -0.587785 -0.809017 -0.951057 -1 -0.951057 -0.809017 -0.587785 -0.309017 0 0.309017 0.587785 0.809017 0.951057 1 0.951057 0.809017 0.587785 0.309017 1.22461e-16 -0.309017 -0.587785 -0.809017 -0.951057 -1
-0.951057 -1 -0.951057 -0.809017 -0.587785 -0.309017 -2.44921e-16 0.309017 0.587785 0.809017 0.951057 1 0.951057 0.809017 0.587785 0.309017 3.67382e-16 -0.309017 -0.587785 -0.809017 -0.951057 -1 -0.951057 -0.809017 -0.587785 -0.309017 0 0.309017 0.587785 0.809017 0.951057 1 0.951057 0.809017 0.587785 0.309017 1.22461e-16 -0.309017 -0.587785 -0.809017 -0.951057
-0.809017 -0.951057 -1 -0.951057 -0.809017 -0.587785 -0.309017 -2.44921e-16 0.309017 0.587785 0.809017 0.951057 1 0.951057 0.809017 0.587785 0.309017 3.67382e-16 -0.309017 -0.587785 -0.809017 -0.951057 -1 -0.951057 -0.809017 -0.587785 -0.309017 0 0.309017 0.587785 0.809017 0.951057 1 0.951057 0.809017 0.587785 0.309017 1.22461e-16 -0.309017 -0.587785 -0.809017
-0.587785 -0.809017 -0.951057 -1 -0.951057 -0.809017 -0.587785 -0.309017 -2.44921e-16 0.309017 0.587785 0.809017 0.951057 1 0.951057 0.809017 0.587785 0.309017 3.67382e-16 -0.309017 -0.587785 -0.809017 -0.951057 -1 -0.951057 -0.809017 -0.587785 -0.309017 0 0.309017 0.587785 0.809017 0.951057 1 0.951057 0.809017 0.587785 0.309017 1.22461e-16 -0.309017 -0.587785
-0.309017 -0.587785 -0.809017 -0.951057 -1 -0.951057 -0.809017 -0.587785 -0.309017 -2.44921e-16 0.309017 0.587785 0.809017 0.951057 1 0.951057 0.809017 0.587785 0.309017 3.67382e-16 -0.309017 -0.587785 -0.809017 -0.951057 -1 -0.951057 -0.809017 -0.587785 -0.309017 0 0.309017 0.587785 0.809017 0.951057 1 0.951057 0.809017 0.587785 0.309017 1.22461e-16 -0.309017
1.22461e-16 -0.309017 -0.587785 -0.809017 -0.951057 -1 -0.951057 -0.809017 -0.587785 -0.309017 -2.44921e-16 0.309017 0.587785 0.809017 0.951057 1 0.951057 0.809017 0.587785 0.309017 3.67382e-16 -0.309017 -0.587785 -0.809017 -0.951057 -1 -0.951057 -0.809017 -0.587785 -0.309017 0 0.309017 0.587785 0.809017 0.951057 1 0.951057 0.809017 0.587785 0.309017 1.22461e-16
0.309017 1.22461e-16 -0.309017 -0.587785 -0.809017 -0.951057 -1 -0.951057 -0.809017 -0.587785 -0.309017 -2.44921e-16 0.309017 0.587785 0.809017 0.951057 1 0.951057 0.809017 0.587785 0.309017 3.67382e-16 -0.309017 -0.587785 -0.809017 -0.951057 -1 -0.951057 -0.809017 -0.587785 -0.309017 0 0.309017 0.587785 0.809017 0.951057 1 0.951057 0.809017 0.587785 0.309017
0.587785 0.309017 1.22461e-16 -0.309017 -0.587785 -0.809017 -0.951057 -1 -0.951057 -0.809017 -0.587785 -0.309017 -2.44921e-16 0.309017 0.587785 0.809017 0.951057 1 0.951057 0.809017 0.587785 0.309017 3.67382e-16 -0.309017 -0.587785 -0.809017 -0.951057 -1 -0.951057 -0.809017 -0.587785 -0.309017 0 0.309017 0.587785 0.809017 0.951057 1 0.951057 0.809017 0.587785
0.809017 0.587785 0.309017 1.22461e-16 -0.309017 -0.587785 -0.809017 -0.951057 -1 -0.951057 -0.809017 -0.587785 -0.309017 -2.44921e-16 0.309017 0.587785 0.809017 0.951057 1 0.951057 0.809017 0.587785 0.309017 3.67382e-16 -0.309017 -0.587785 -0.809017 -0.951057 -1 -0.951057 -0.809017 -0.587785 -0.309017 0 0.309017 0.587785 0.809017 0.951057 1 0.951057 0.809017
0.951057 0.809017 0.587785 0.309017 1.22461e-16 -0.309017 -0.587785 -0.809017 -0.951057 -1 -0.951057 -0.809017 -0.587785 -0.309017 -2.44921e-16 0.309017 0.587785 0.809017 0.951057 1 0.951057 0.809017 0.587785 0.309017 3.67382e-16 -0.309017 -0.587785 -0.809017 -0.951057 -1 -0.951057 -0.809017 -0.587785 -0.309017 0 0.309017 0.587785 0.809017 0.951057 1 0.951057
1 0.951057 0.809017 0.587785 0.309017 1.22461e-16 -0.309017 -0.587785 -0.809017 -0.951057 -1 -0.951057 -0.809017 -0.587785 -0.309017 -2.44921e-16 0.309017 0.587785 0.809017 0.951057 1 0.951057 0.809017 0.587785 0.309017 3.67382e-16 -0.309017 -0.587785 -0.809017 -0.951057 -1 -0.951057 -0.809017 -0.587785 -0.309017 0 0.309017 0.587785 0.809017 0.951057 1
0.951057 1 0.951057 0.809017 0.587785 0.309017 1.22461e-16 -0.309017 -0.587785 -0.809017 -0.951057 -1 -0.951057 -0.809017 -0.587785 -0.309017 -2.44921e-16 0.309017 0.587785 0.809017 0.951057 1 0.951057 0.809017 0.587785 0.309017 3.67382e-16 -0.309017 -0.587785 -0.809017 -0.951057 -1 -0.951057 -0.809017 -0.587785 -0.309017 0 0.309017 0.587785 0.809017 0.951057
0.809017 0.951057 1 0.951057 0.809017 0.587785 0.309017 1.22461e-16 -0.309017 -0.587785 -0.809017 -0.951057 -1 -0.951057 -0.809017 -0.587785 -0.309017 -2.44921e-16 0.309017 0.587785 0.809017 0.951057 1 0.951057 0.809017 0.587785 0.309017 3.67382e-16 -0.309017 -0.587785 -0.809017 -0.951057 -1 -0.951057 -0.809017 -0.587785 -0.309017 0 0.309017 0.587785 0.809017
0.587785 0.809017 0.951057 1 0.951057 0.809017 0.587785 0.309017 1.22461e-16 -0.309017 -0.587785 -0.809017 -0.951057 -1 -0.951057 -0.809017 -0.587785 -0.309017 -2.44921e-16 0.309017 0.587785 0.809017 0.951057 1 0.951057 0.809017 0.587785 0.309017 3.67382e-16 -0.309017 -0.587785 -0.809017 -0.951057 -1 -0.951057 -0.809017 -0.587785 -0.309017 0 0.309017 0.587785
0.309017 0.587785 0.809017 0.951057 1 0.951057 0.809017 0.587785 0.309017 1.22461e-16 -0.309017 -0.587785 -0.809017 -0.951057 -1 -0.951057 -0.809017 -0.587785 -0.309017 -2.44921e-16 0.309017 0.587785 0.809017 0.951057 1 0.951057 0.809017 0.587785 0.309017 3.67382e-16 -0.309017 -0.587785 -0.809017 -0.951057 -1 -0.951057 -0.809017 -0.587785 -0.309017 0 0.309017
0 0.309017 0.587785 0.809017 0.951057 1 0.951057 0.809017 0.587785 0.309017 1.22461e-16 -0.309017 -0.587785 -0.809017 -0.951057 -1 -0.951057 -0.809017 -0.587785 -0.309017 -2.44921e-16 0.309017 0.587785 0.809017 0.951057 1 0.951057 0.809017 0.587785 0.309017 3.67382e-16 -0.309017 -0.587785 -0.809017 -0.951057 -1 -0.951057 -0.809017 -0.587785 -0.309017 0
-0.309017 0 0.309017 0.587785 0.809017 0.951057 1 0.951057 0.809017 0.587785 0.309017 1.22461e-16 -0.309017 -0.587785 -0.809017 -0.951057 -1 -0.951057 -0.809017 -0.587785 -0.309017 -2.44921e-16 0.309017 0.587785 0.809017 0.951057 1 0.951057 0.809017 0.587785 0.309017 3.67382e-16 -0.309017 -0.587785 -0.809017 -0.951057 -1 -0.951057 -0.809017 -0.587785 -0.309017
